12 4 0 1
0 180 5
37
P0103-mp2-popt-dd-000 20 1.20741826973e-06 -613.963372742
P -0.647689541 2.43128e-05 0.0860823466 15.0
O -1.5031588559 -0.0002640709 1.3026214337 8.0
C -0.9488643107 1.4108395996 -1.0087684374 6.0
C -0.949052083 -1.4101771788 -1.009519801 6.0
C 1.1514207473 -0.0002079298 0.4963026251 6.0
H -1.9900917777 1.3616959738 -1.3238204054 1.0
H -0.3072867757 1.3954459873 -1.8880459969 1.0
H -0.798793922 2.3410296594 -0.4661505956 1.0
H -0.7992340581 -2.3406489912 -0.4673154982 1.0
H -0.3074040175 -1.3944937355 -1.8887380128 1.0
H -1.9902458281 -1.3606530937 -1.3246265876 1.0
C 1.895474855 -1.2547988172 0.0418739989 6.0
H 1.111057411 -0.000513942 1.5885708309 1.0
C 1.8956427908 1.2545315904 0.0425641295 6.0
H 1.9603592838 1.3056681155 -1.0444961902 1.0
H 2.9140046229 1.2357345656 0.4311236869 1.0
H 1.4219304107 2.1673447456 0.39848456 1.0
H 1.9604087622 -1.3052055875 -1.0452097673 1.0
H 1.421558862 -2.1677698151 0.3971093011 1.0
H 2.9137779777 -1.2364198215 0.4306125322 1.0
P0103-mp2-popt-dd-005 20 5.00000000683 -613.963570533
P -0.6471802562 0.0148797096 0.0857669913 15.0
O -1.5003342996 0.1444689726 1.2970081351 8.0
C -0.8932843523 1.3286556485 -1.1354501488 6.0
C -1.004307905 -1.4788670458 -0.8746247024 6.0
C 1.1506736289 -0.0196654695 0.4964802552 6.0
H -1.9350315523 1.2915560002 -1.4502770112 1.0
H -0.2516753711 1.2015986687 -2.0059932286 1.0
H -0.704389801 2.2996593935 -0.6845643062 1.0
H -0.887022768 -2.3577218548 -0.2448265575 1.0
H -0.3678601843 -1.572844741 -1.7524390357 1.0
H -2.0450658551 -1.4211854415 -1.1899143327 1.0
C 1.8954039111 -1.2600820744 0.0106784159 6.0
H 1.1114422242 -0.0241980399 1.5887861806 1.0
C 1.8920182507 1.2488902373 0.0717743583 6.0
H 1.9598030585 1.3258759959 -1.0133767027 1.0
H 2.9088215826 1.2264130783 0.4641375885 1.0
H 1.4118609007 2.1503778832 0.4483724706 1.0
H 1.9539155269 -1.2835361274 -1.0779633022 1.0
H 1.4274044178 -2.1834413568 0.34551177 1.0
H 2.9163969076 -1.2467283616 0.3925521895 1.0
P0103-mp2-popt-dd-010 20 10.0000000019 -613.964109534
P -0.6457900814 0.0289325087 0.0847206119 15.0
O -1.4922695672 0.2867879297 1.2799877431 8.0
C -0.8407663181 1.2362697854 -1.2496413768 6.0
C -1.0567970943 -1.5323495445 -0.7370721592 6.0
C 1.1486350581 -0.0367804852 0.497178978 6.0
H -1.8800757344 1.2055990791 -1.5729425809 1.0
H -0.1958184253 1.0086792119 -2.0973006079 1.0
H -0.6214410681 2.2369441826 -0.8859818823 1.0
H -0.9560017589 -2.3535549312 -0.0307752711 1.0
H -0.4356174856 -1.7243402949 -1.6096366042 1.0
H -2.1000686411 -1.4731136911 -1.0437147937 1.0
C 1.8904053601 -1.2666082233 -0.015489729 6.0
H 1.1120707727 -0.0450267107 1.5895825006 1.0
C 1.8874636756 1.2417127289 0.0934915943 6.0
H 1.9623484903 1.3335199859 -0.9899380299 1.0
H 2.9012745502 1.2202452518 0.4934577582 1.0
H 1.3980650674 2.1346330509 0.4794529765 1.0
H 1.9341765538 -1.272222981 -1.1053550027 1.0
H 1.4298864139 -2.1968240735 0.3100871031 1.0
H 2.9167595103 -1.2555237073 0.3518721739 1.0
P0103-mp2-popt-dd-015 20 15.0000000051 -613.964881214
P -0.6438245537 0.0419788896 0.0829749883 15.0
O -1.4793424756 0.4253289088 1.2519521178 8.0
C -0.7934119011 1.1358350058 -1.350836669 6.0
C -1.1061444951 -1.5713572817 -0.5990537192 6.0
C 1.145791177 -0.0508559347 0.4982956154 6.0
H -1.8283798469 1.1040848016 -1.687553076 1.0
H -0.1426686903 0.8201759387 -2.1654996011 1.0
H -0.5519677495 2.1577555608 -1.0695498725 1.0
H -1.0094917335 -2.3322236159 0.1727517676 1.0
H -0.5070587814 -1.8511662646 -1.4631602828 1.0
H -2.1539437117 -1.5132727732 -0.8900688113 1.0
C 1.8812418114 -1.2748099532 -0.0346794526 6.0
H 1.1124355088 -0.0621504427 1.5908281093 1.0
C 1.8835715003 1.2332767098 0.1071036986 6.0
H 1.9682928828 1.3296405909 -0.9751649515 1.0
H 2.8933821509 1.2157503602 0.5170858274 1.0
H 1.3842720736 2.1212454208 0.4925576349 1.0
H 1.9051771565 -1.2722172708 -1.1254364885 1.0
H 1.4286486563 -2.2084578984 0.2919135594 1.0
H 2.9143349553 -1.2638383028 0.313367476 1.0
P0103-mp2-popt-dd-020 20 20.0000000018 -613.965777957
P -0.6415049738 0.0540665271 0.080577322 15.0
O -1.4621271425 0.5591032698 1.2132288647 8.0
C -0.7522040814 1.0286443733 -1.4398441663 6.0
C -1.152638198 -1.5970717398 -0.4613331631 6.0
C 1.1426049946 -0.0618255968 0.4997250279 6.0
H -1.7824600233 0.9900829804 -1.7899332445 1.0
H -0.0961753123 0.6347298097 -2.2154591345 1.0
H -0.4932752709 2.0650433448 -1.2381007427 1.0
H -1.0534312898 -2.2957863516 0.3671454062 1.0
H -0.5789995818 -1.9579223475 -1.3124932766 1.0
H -2.2054779794 -1.539517574 -0.7335789124 1.0
C 1.8691635853 -1.2845080753 -0.0468319208 6.0
H 1.1123057529 -0.0755240689 1.5924041806 1.0
C 1.8810756751 1.2241606635 0.1137665473 6.0
H 1.9757030036 1.3179939431 -0.9679060291 1.0
H 2.8869079663 1.2113590041 0.5334114718 1.0
H 1.3733799688 2.1103053879 0.4928868165 1.0
H 1.8723238786 -1.2810488639 -1.1380596596 1.0
H 1.4232417014 -2.2186349657 0.2873969883 1.0
H 2.908888192 -1.2732333155 0.2809376529 1.0
P0103-mp2-popt-dd-025 20 24.9999999966 -613.966707741
P -0.6390251509 0.0652589103 0.0773979434 15.0
O -1.4413404388 0.6874153513 1.1638725749 8.0
C -0.7176996837 0.9156396542 -1.5175788092 6.0
C -1.196417619 -1.6104990258 -0.3243531119 6.0
C 1.1393529731 -0.0697926044 0.501451582 6.0
H -1.7440492396 0.8671703428 -1.8777024527 1.0
H -0.0593191465 0.4507579946 -2.2508496489 1.0
H -0.4428603458 1.960270184 -1.3940775668 1.0
H -1.0915975871 -2.2452591808 0.5536634159 1.0
H -0.6493571056 -2.0477999761 -1.1569219149 1.0
H -2.2538617556 -1.5516525716 -0.5776967684 1.0
C 1.8555006557 -1.2954031029 -0.0517689424 6.0
H 1.1112725849 -0.0851218617 1.5942866731 1.0
C 1.8802900614 1.2147875115 0.1148463583 6.0
H 1.983452393 1.3013339645 -0.9666902531 1.0
H 2.8827527457 1.2063124273 0.5424232216 1.0
H 1.3666672407 2.1016147787 0.4844776065 1.0
H 1.8401678263 -1.2966493445 -1.1430398415 1.0
H 1.4139310414 -2.2274270171 0.293968902 1.0
H 2.9008130134 -1.2844908205 0.2577872006 1.0
P0103-mp2-popt-dd-030 20 29.9999999985 -613.967592508
P -0.6365025111 0.0756515887 0.0734922301 15.0
O -1.4172171125 0.809518971 1.1045185235 8.0
C -0.6906593609 0.7977822078 -1.5844914428 6.0
C -1.2377779472 -1.6122531367 -0.1882703679 6.0
C 1.1363566081 -0.0751183722 0.5031053887 6.0
H -1.7148736906 0.739338667 -1.9491670729 1.0
H -0.035010068 0.2669020819 -2.2740466395 1.0
H -0.398919233 1.8442284519 -1.5388840209 1.0
H -1.1260141313 -2.181114987 0.7331673006 1.0
H -0.7175184549 -2.1224908457 -0.9961327787 1.0
H -2.2990500047 -1.5500887467 -0.4240475644 1.0
C 1.8413755801 -1.3071673614 -0.0503982261 6.0
H 1.1094985138 -0.091392651 1.5961099144 1.0
C 1.8813985416 1.2053366511 0.1113688412 6.0
H 1.9907483532 1.2817504361 -0.9703907076 1.0
H 2.8815102606 1.1999765045 0.5443256963 1.0
H 1.3647102221 2.0947095067 0.4703860604 1.0
H 1.8118283785 -1.3169063018 -1.1413804749 1.0
H 1.4010936499 -2.234880313 0.3084817527 1.0
H 2.8907937355 -1.2980342827 0.2450311269 1.0
P0103-mp2-popt-dd-035 20 34.9999999931 -613.968371628
P 0.6340016553 0.085286222 -0.0687513771 15.0
O 1.390126004 0.9248028515 -1.0354613636 8.0
C 0.6713403845 0.6754648467 1.6412235658 6.0
C 1.2769582416 -1.6027787929 0.0530959055 6.0
C -1.1337378853 -0.078162853 -0.5045493215 6.0
H 1.6957631101 0.6100789103 2.0041624605 1.0
H 0.0252721861 0.0811055535 2.2863930362 1.0
H 0.3594935278 1.7166822271 1.6739642545 1.0
H 1.1578705271 -2.1032855061 -0.9064349882 1.0
H 0.7833239751 -2.1831413826 0.8297255307 1.0
H 2.3411851825 -1.53543898 0.2734512222 1.0
C -1.8278859596 -1.3192079798 0.0434514313 6.0
H -1.1068072248 -0.0946610605 -1.5977374169 1.0
C -1.884236413 1.1960699365 -0.1047109865 6.0
H -1.9974400996 1.2609306533 0.9775036622 1.0
H -2.8830173041 1.1923231061 -0.5406327346 1.0
H -1.3670342375 2.0892363925 -0.4530683359 1.0
H -1.7903548428 -1.3393878186 1.1339845599 1.0
H -1.385168509 -2.2409270253 -0.327890175 1.0
H -2.8795634594 -1.3137043306 -0.2439300051 1.0
P0103-mp2-popt-dd-040 20 39.9999999974 -613.969003718
P 0.6315453159 0.0941717127 -0.0630756628 15.0
O 1.3604814159 1.032655341 -0.9569336944 8.0
C 0.6596294434 0.5485309825 1.6882134411 6.0
C 1.3142524943 -1.5821833814 -0.0812653616 6.0
C -1.1315691242 -0.0792908408 -0.5057476689 6.0
H 1.686851468 0.4828649241 2.0431856688 1.0
H 0.0320889797 -0.1094818779 2.2879185565 1.0
H 0.3219538643 1.5761624519 1.8005684344 1.0
H 1.1881158874 -2.0111994975 -1.0740379394 1.0
H 0.8469049235 -2.2303620016 0.6570368565 1.0
H 2.380532507 -1.5080609887 0.126442274 1.0
C -1.8159229317 -1.3307383977 0.0320888451 6.0
H -1.1031908997 -0.0952673985 -1.5991296248 1.0
C -1.8885237417 1.1873290847 -0.0963492682 6.0
H -2.0034359815 1.2405332939 0.9864409196 1.0
H -2.8868709662 1.1835335028 -0.5331791652 1.0
H -1.372886761 2.0849464362 -0.4348531418 1.0
H -1.7782450706 -1.361098322 1.1222137398 1.0
H -1.3664654059 -2.2455066843 -0.3485154091 1.0
H -2.8676897846 -1.3310790549 -0.2550085803 1.0
P0103-mp2-popt-dd-045 20 44.9999999979 -613.969469917
P 0.629153998 0.1022674961 -0.0564145801 15.0
O 1.3286147755 1.1324315453 -0.8692635694 8.0
C 0.6550789604 0.4164014206 1.7255472222 6.0
C 1.350007067 -1.5502488046 -0.2148975445 6.0
C -1.1298615636 -0.0788686489 -0.5066703802 6.0
H 1.6873210647 0.361131124 2.0676185702 1.0
H 0.0574416962 -0.3079365825 2.2768957394 1.0
H 0.2830953037 1.419868055 1.9194256258 1.0
H 1.218168624 -1.9035897252 -1.2363804101 1.0
H 0.9081198358 -2.2643038286 0.4768134488 1.0
H 2.4173288534 -1.468192928 -0.0158668202 1.0
C -1.8061914532 -1.3408453807 0.017947294 6.0
H -1.0987588167 -0.0935613641 -1.6002442191 1.0
C -1.8938099461 1.1795570939 -0.0877158653 6.0
H -2.0085576274 1.2223278723 0.9956862571 1.0
H -2.8924793828 1.1739898853 -0.5237430884 1.0
H -1.3812999123 2.0817111275 -0.4179940388 1.0
H -1.777658501 -1.3786343393 1.107865809 1.0
H -1.3451758047 -2.2486427902 -0.3658652917 1.0
H -2.8554454842 -1.3496525206 -0.2780542536 1.0
P0103-mp2-popt-dd-050 20 50.0000000002 -613.969775016
P 0.6268088066 0.1095020206 -0.0488609394 15.0
O 1.2950482334 1.2233800584 -0.7728235405 8.0
C 0.6565250538 0.2782451698 1.7527160667 6.0
C 1.3846310276 -1.5064091638 -0.3478239734 6.0
C -1.1286227462 -0.0772440348 -0.5074063619 6.0
H 1.6945647785 0.2470952379 2.0801182372 1.0
H 0.1020966378 -0.5161088802 2.2494835985 1.0
H 0.239840977 1.2439672863 2.0300506961 1.0
H 1.2506927335 -1.7778831967 -1.3937839801 1.0
H 0.9659949932 -2.2847400073 0.286574186 1.0
H 2.451684305 -1.4163724678 -0.1509205032 1.0
C -1.7989907935 -1.3486331851 0.0033028523 6.0
H -1.0941573 -0.0899392337 -1.6011460692 1.0
C -1.8994985478 1.1732795766 -0.0799626866 6.0
H -2.0118476753 1.2081746543 1.0041053204 1.0
H -2.8993389493 1.1640086125 -0.5132278079 1.0
H -1.3914297725 2.0795393137 -0.4048096608 1.0
H -1.7893601445 -1.3884107433 1.0931806593 1.0
H -1.3214153431 -2.2503875058 -0.3748998011 1.0
H -2.8426589117 -1.3690470922 -0.3112347138 1.0
P0103-mp2-popt-dd-055 20 54.999999997 -613.969945066
P 0.6245230986 0.115838545 -0.0407853495 15.0
O 1.2606831198 1.3046347152 -0.6681919464 8.0
C 0.6620825775 0.1340075534 1.7685084332 6.0
C 1.4180516791 -1.4501217698 -0.4795103899 6.0
C -1.127839916 -0.0746102197 -0.5080922098 6.0
H 1.7041028032 0.1406278519 2.0845830306 1.0
H 0.1637658127 -0.7317014186 2.2007215023 1.0
H 0.1910391827 1.0458348475 2.1292786976 1.0
H 1.289493747 -1.6303694166 -1.5456084092 1.0
H 1.0170774369 -2.2905615654 0.0828604023 1.0
H 2.4830098872 -1.355278071 -0.2737442659 1.0
C -1.7937397448 -1.3537099021 -0.0097360743 6.0
H -1.090481048 -0.0846698747 -1.6019542136 1.0
C -1.9050612394 1.1687203074 -0.073184128 6.0
H -2.0119873094 1.1989555678 1.0116982838 1.0
H -2.9071862527 1.1537622018 -0.5010206654 1.0
H -1.4029040949 2.0785409943 -0.3961252097 1.0
H -1.8105407296 -1.3893131992 1.0799056081 1.0
H -1.2959189712 -2.2507783839 -0.37322512 1.0
H -2.8288745139 -1.3888838051 -0.3500096371 1.0
P0103-mp2-popt-dd-060 20 59.9999999967 -613.970015899
P -0.6223469021 -0.1213648963 -0.032718225 15.0
O -1.2266304584 -1.3753953254 -0.556111454 8.0
C -0.6697114418 0.0148941176 1.7713782326 6.0
C -1.4496261029 1.3812785749 -0.6086015029 6.0
C 1.1274906434 0.0710818573 -0.5089579848 6.0
H -1.7112894651 -0.0373167276 2.0846494998 1.0
H -0.2358120763 0.9471941813 2.127315749 1.0
H -0.1397240959 -0.8272479481 2.2115664401 1.0
H -1.3380934742 1.457581527 -1.6889421201 1.0
H -1.0562154656 2.2792321922 -0.1372438835 1.0
H -2.5100730659 1.2908467297 -0.3789118398 1.0
C 1.7891778445 1.3564969854 -0.0201331177 6.0
H 1.0889583803 0.0779196073 -1.6028963241 1.0
C 1.9102115559 -1.1655564971 -0.066356945 6.0
H 2.0075582652 -1.1938473329 1.0196010486 1.0
H 2.9160443322 -1.1430089859 -0.4851512697 1.0
H 1.4159485051 -2.0786973073 -0.3909178429 1.0
H 1.835363214 1.3833608093 1.0686621001 1.0
H 1.2696025837 2.2497662633 -0.3625831952 1.0
H 2.8137538723 1.4088288123 -0.3888058254 1.0
P0103-mp2-popt-dd-065 20 64.9999999993 -613.97001204
P -0.6203572242 -0.1263330855 -0.024944967 15.0
O -1.1938671556 -1.4350145354 -0.4374374517 8.0
C -0.6787229486 0.165009074 1.7605029575 6.0
C -1.4777158417 1.3009820858 -0.7328108527 6.0
C 1.1274539984 0.0664657675 -0.5101118037 6.0
H -1.7151851006 0.0708482822 2.0807526602 1.0
H -0.3082524685 1.1516489802 2.0309771379 1.0
H -0.0944570673 -0.5975902402 2.2717687125 1.0
H -1.3938444955 1.2615839097 -1.8175156901 1.0
H -1.0805638878 2.2466568453 -0.3704857847 1.0
H -2.5312740365 1.2298744475 -0.46740945 1.0
C 1.7837521087 1.358289949 -0.0295651408 6.0
H 1.0895883703 0.0694937401 -1.6040877325 1.0
C 1.9153563695 -1.1628557824 -0.0577655459 6.0
H 1.999646694 -1.1895815817 1.0294433289 1.0
H 2.925894048 -1.1316715032 -0.4646202722 1.0
H 1.4310383169 -2.0799185184 -0.3851442311 1.0
H 1.8573914545 1.3766690559 1.0577043361 1.0
H 1.2431277916 2.2473290411 -0.3506053539 1.0
H 2.7973247276 1.4282989326 -0.4245977998 1.0
P0103-mp2-popt-dd-070 20 69.9999999998 -613.969928556
P -0.6186399459 -0.1309549683 -0.0171832539 15.0
O -1.1626786525 -1.4830692939 -0.3129482605 8.0
C -0.6904781524 0.3123512093 1.7364314185 6.0
C -1.5006039348 1.2113455533 -0.8496313261 6.0
C 1.1276051428 0.0603495523 -0.5114986032 6.0
H -1.7202697447 0.1909940427 2.068699626 1.0
H -0.3724419115 1.3368171598 1.9180522151 1.0
H -0.0657076522 -0.3704024132 2.3093993433 1.0
H -1.4460951204 1.0530504465 -1.9252458022 1.0
H -1.0935804388 2.1899795407 -0.6042452723 1.0
H -2.5464196394 1.17311865 -0.5492627005 1.0
C 1.7768718786 1.3603495712 -0.0417336453 6.0
H 1.0908452705 0.0588494698 -1.6054662131 1.0
C 1.9213770975 -1.1597832072 -0.0464410366 6.0
H 1.992910271 -1.1817558311 1.0418909638 1.0
H 2.9361179792 -1.1206830358 -0.4421130031 1.0
H 1.4476410291 -2.0821964928 -0.3733452552 1.0
H 1.8721114728 1.3764554596 1.0437371379 1.0
H 1.2177382415 2.2434437937 -0.3481851524 1.0
H 2.7807490684 1.445305661 -0.4578733657 1.0
P0103-mp2-popt-dd-075 20 74.9999999986 -613.969733341
P -0.6171955085 -0.1351026235 -0.0089331697 15.0
O -1.1325846782 -1.5191211235 -0.1835718823 8.0
C -0.7066817784 0.4547504664 1.7003910836 6.0
C -1.5182786396 1.1139837768 -0.9574264555 6.0
C 1.1279303776 0.0525826979 -0.5129073134 6.0
H -1.7316525888 0.3230550041 2.0433994209 1.0
H -0.4268500652 1.5018231929 1.7941362988 1.0
H -0.0573741269 -0.1531343121 2.32811704 1.0
H -1.4851493078 0.8433036614 -2.0112178618 1.0
H -1.1026955684 2.1108787239 -0.8246018319 1.0
H -2.5578490461 1.1133651201 -0.6340363508 1.0
C 1.7695792129 1.3627280711 -0.058952095 6.0
H 1.0912619736 0.0457482274 -1.6068081148 1.0
C 1.9285801591 -1.1563814839 -0.0329754621 6.0
H 1.9915298121 -1.1685996739 1.0560959339 1.0
H 2.945737082 -1.1117435437 -0.4219025871 1.0
H 1.4639927082 -2.0855318805 -0.353136281 1.0
H 1.8788962678 1.3858178729 1.0249289757 1.0
H 1.1959929751 2.2381559308 -0.3618175118 1.0
H 2.7663312141 1.4568785902 -0.4898807695 1.0
P0103-mp2-popt-dd-080 20 79.9999999976 -613.969393924
P -0.615934807 -0.1384322409 7.86009e-05 15.0
O -1.1027981783 -1.5427307134 -0.0505334093 8.0
C -0.7279710252 0.5920958979 1.6531027496 6.0
C -1.5323377451 1.0091870692 -1.0554975055 6.0
C 1.1285142711 0.0436476905 -0.5141557566 6.0
H -1.7511701628 0.4624781103 2.0021642789 1.0
H -0.4748738104 1.6499666315 1.6609201546 1.0
H -0.0669978979 0.0550255638 2.331390659 1.0
H -1.5089276235 0.6367257098 -2.077987264 1.0
H -1.1137272495 2.0135250835 -1.0251792306 1.0
H -2.568518585 1.0424810267 -0.7232939231 1.0
C 1.7637204726 1.3645193847 -0.0803870164 6.0
H 1.0905320658 0.0308011271 -1.6079129316 1.0
C 1.9363753515 -1.1533480746 -0.0189835709 6.0
H 1.9961131238 -1.151813869 1.0703223124 1.0
H 2.9539268065 -1.1061817469 -0.406662487 1.0
H 1.4782515336 -2.089719461 -0.3266082216 1.0
H 1.8796698703 1.4026323453 1.0022613754 1.0
H 1.1808128685 2.2316374932 -0.3903333143 1.0
H 2.7564791236 1.4608785273 -0.5199255877 1.0
P0103-mp2-popt-dd-085 20 84.9999999967 -613.968897939
P -0.6147661948 -0.1405962186 0.0098731455 15.0
O -1.0727027558 -1.5535428269 0.0847555562 8.0
C -0.7541438231 0.724724246 1.5946681743 6.0
C -1.5444527917 0.8966123395 -1.1435204377 6.0
C 1.1294149077 0.0343848484 -0.5151280081 6.0
H -1.7782466244 0.6042870828 1.9444530314 1.0
H -0.5203278255 1.7841531045 1.5179112912 1.0
H -0.0904527915 0.2575774177 2.3204577202 1.0
H -1.5197908004 0.4325777174 -2.1277866943 1.0
H -1.129478299 1.9013447334 -1.2059879042 1.0
H -2.5801517629 0.9558120341 -0.813649411 1.0
C 1.7608443092 1.3648345877 -0.1035535083 6.0
H 1.0890023673 0.0151293587 -1.6086516758 1.0
C 1.9438176305 -1.1514165827 -0.0060647577 6.0
H 2.0051375705 -1.1343053545 1.0829296818 1.0
H 2.9600761846 -1.1047148003 -0.3972497464 1.0
H 1.4890840804 -2.0944445961 -0.2974973595 1.0
H 1.8769127012 1.4229417255 0.9780979024 1.0
H 1.1742936403 2.2242039054 -0.4286154024 1.0
H 2.7527554099 1.4567414317 -0.545969225 1.0
P0103-mp2-popt-dd-090 20 90.0000000007 -613.968259006
P -0.6136098597 -0.1412741147 0.0203752765 15.0
O -1.0418793635 -1.5513341305 0.220810174 8.0
C -0.7848152896 0.852664822 1.5248805684 6.0
C -1.5557869342 0.7758265699 -1.221103019 6.0
C 1.1306463612 0.0256987541 -0.5158019775 6.0
H -1.8118211348 0.7448716471 1.870379954 1.0
H -0.5655955939 1.9056800816 1.3641999694 1.0
H -0.1247475656 0.4572007797 2.2951549871 1.0
H -1.5205933211 0.2288868933 -2.1614863949 1.0
H -1.1514056622 1.7762634589 -1.3690774011 1.0
H -2.5933720087 0.8511811687 -0.9007702806 1.0
C 1.7620305068 1.363166546 -0.1257060142 6.0
H 1.0871293578 -8.6773e-06 -1.6089929341 1.0
C 1.949991882 -1.1511821697 0.0044784796 6.0
H 2.0161491987 -1.1191134543 1.0926862123 1.0
H 2.9638291382 -1.107407492 -0.3933400953 1.0
H 1.495826857 -2.0994722363 -0.2698719149 1.0
H 1.8730278718 1.4429230007 0.955030178 1.0
H 1.177656934 2.2163776212 -0.4706899107 1.0
H 2.7558536295 1.4450040831 -0.5658639297 1.0
P0103-mp2-popt-dd-095 20 95.0000000024 -613.967516524
P -0.6123840171 -0.1401547726 0.0314332188 15.0
O -1.0100788464 -1.536015847 0.3561435858 8.0
C -0.8195492282 0.9755635194 1.4434442132 6.0
C -1.5669726257 0.6464432775 -1.2876639045 6.0
C 1.1321599591 0.0184864378 -0.516231793 6.0
H -1.8507732526 0.8814058622 1.7804010181 1.0
H -0.6120745803 2.0146552058 1.1989424428 1.0
H -0.167673408 0.6554667266 2.2544786585 1.0
H -1.5131925455 0.0240013841 -2.1789523023 1.0
H -1.1804666893 1.6389937116 -1.5164104587 1.0
H -2.6081201808 0.7273940992 -0.9806541372 1.0
C 1.7679501241 1.359347457 -0.1442357015 6.0
H 1.0852954294 -0.0133802952 -1.6089974473 1.0
C 1.9540126018 -1.1530725835 0.0115807987 6.0
H 2.0265421028 -1.1090163305 1.0987289229 1.0
H 2.9649010362 -1.1139275276 -0.3942192 1.0
H 1.4980567787 -2.1046827001 -0.2475464186 1.0
H 1.8700808451 1.4593796528 0.9356558668 1.0
H 1.1915054778 2.2089445903 -0.510768935 1.0
H 2.7658625185 1.4267080955 -0.5776259186 1.0
P0103-mp2-popt-dd-100 20 99.9999999967 -613.96673226
P -0.6110226855 -0.1369819414 0.0428680911 15.0
O -0.9772330794 -1.5076686158 0.4893049687 8.0
C -0.8578551025 1.0927068027 1.3500824036 6.0
C -1.5779895438 0.5083133669 -1.3423987883 6.0
C 1.1338254775 0.0135676304 -0.5165447759 6.0
H -1.893915255 1.011311311 1.6754608104 1.0
H -0.6607711839 2.1103404552 1.0214068547 1.0
H -0.2172230699 0.8531255794 2.1968580675 1.0
H -1.498466193 -0.1829832267 -2.17939798 1.0
H -1.216822809 1.489416182 -1.6493815704 1.0
H -2.623582598 0.5842367885 -1.0495919778 1.0
C 1.7787692501 1.3534764805 -0.1568695498 6.0
H 1.0837157498 -0.0238457116 -1.6088155702 1.0
C 1.9550761834 -1.1573197524 0.0143386957 6.0
H 2.0336262355 -1.1064297132 1.1004748623 1.0
H 2.9631395218 -1.123534363 -0.3989867036 1.0
H 1.4955833893 -2.110002664 -0.2341392935 1.0
H 1.8698017305 1.4696437234 0.922410468 1.0
H 1.2155428282 2.2028742475 -0.5434232231 1.0
H 2.7821526362 1.4033139744 -0.5799610211 1.0
P0103-mp2-popt-dd-105 20 105.000000001 -613.965987597
P 0.6094330656 0.131580524 0.0545170553 15.0
O 0.9434690353 1.4665821385 0.6189016544 8.0
C 0.8992240629 -1.203071709 1.2446393999 6.0
C 1.5880766984 -0.3617787492 -1.3842917672 6.0
C -1.1354124383 -0.0115408039 -0.5169007774 6.0
H 1.939946967 -1.1318667585 1.5573794208 1.0
H 0.713024125 -2.1913178267 0.8309058837 1.0
H 0.2711362197 -1.0505903863 2.1202284268 1.0
H 1.476757175 0.3920380515 -2.1616367221 1.0
H 1.2592568822 -1.3268974837 -1.7687533185 1.0
H 2.6380786477 -0.4231263075 -1.1040920428 1.0
C -1.7939841357 -1.3458035188 -0.1618507372 6.0
H -1.0823565057 0.0304799672 -1.608642829 1.0
C -1.9525405174 1.1639757783 0.0119774775 6.0
H -2.0348376215 1.1132565436 1.09749287 1.0
H -2.9585690744 1.135084062 -0.4067415591 1.0
H -1.488519055 2.1153570171 -0.2329885818 1.0
H -1.87356727 -1.4714074743 0.9173383822 1.0
H -1.2480380571 -2.1990525072 -0.5636336234 1.0
H -2.8031936439 -1.3767606608 -0.5727783115 1.0
P0103-mp2-popt-dd-110 20 110.000000001 -613.965377863
P 0.6075317422 0.1239347948 0.0661633953 15.0
O 0.9091810453 1.4132854077 0.7436608901 8.0
C 0.9428289982 -1.3051818994 1.1273004213 6.0
C 1.595766543 -0.2080336906 -1.4123314834 6.0
C -1.1365838382 -0.0126716966 -0.5174053285 6.0
H 1.9870462999 -1.2401918735 1.4296095862 1.0
H 0.7704636062 -2.2552805544 0.6270435425 1.0
H 0.3261645963 -1.2475378636 2.0219031561 1.0
H 1.4477208395 0.6017998427 -2.1245975524 1.0
H 1.304998551 -1.1510979856 -1.8742697617 1.0
H 2.6492888276 -0.2471840228 -1.1414230394 1.0
C -1.812247231 -1.3366779931 -0.1582612248 6.0
H -1.0810011048 0.0328009103 -1.6086338338 1.0
C -1.9459539474 1.1727852162 0.0041693237 6.0
H -2.0279676137 1.1304168134 1.0896662976 1.0
H -2.9513705092 1.1473831633 -0.4163559863 1.0
H -1.4771948608 2.120478236 -0.2463143567 1.0
H -1.8824420748 -1.4627791592 0.9216408077 1.0
H -1.2853402083 -2.1980410556 -0.5671000189 1.0
H -2.8264186527 -1.3496251086 -0.5578025697 1.0
P0103-mp2-popt-dd-115 20 115.000000002 -613.964998318
P 0.6052764026 0.1142419268 0.0775216727 15.0
O 0.8750301434 1.3486190693 0.862363603 8.0
C 0.9875456511 -1.3970747001 0.999005793 6.0
C 1.5992360322 -0.0493843192 -1.4257454594 6.0
C -1.1370073605 -0.0167245735 -0.5180861903 6.0
H 2.0332150601 -1.3343039987 1.2966981395 1.0
H 0.8339448879 -2.2990885333 0.4109606141 1.0
H 0.3789810905 -1.4417788025 1.8996084381 1.0
H 1.4112359177 0.8096346262 -2.0676507959 1.0
H 1.3498561053 -0.9626141204 -1.96505399 1.0
H 2.6547338624 -0.0617707418 -1.1598678548 1.0
C -1.8315404978 -1.3265568088 -0.1464983557 6.0
H -1.0793338576 0.0309085677 -1.6088661769 1.0
C -1.9352542884 1.1831511732 -0.008588073 6.0
H -2.0120483808 1.1568910159 1.0773800504 1.0
H -2.9418010799 1.1596256039 -0.4266331052 1.0
H -1.462044615 2.1248200174 -0.273821247 1.0
H -1.896992997 -1.4427852157 0.9349939562 1.0
H -1.32220868 -2.1997679446 -0.551433894 1.0
H -2.848654924 -1.3249731838 -0.5386738976 1.0
P0103-mp2-popt-dd-120 20 119.999999997 -613.96491888
P 0.6027251881 0.1030866923 0.0880521245 15.0
O 0.8420380547 1.2738111947 0.9738041559 8.0
C 1.0314524948 -1.4761908526 0.8623176753 6.0
C 1.5970456156 0.1102800166 -1.4244519262 6.0
C -1.1364066138 -0.0225970205 -0.5188949408 6.0
H 2.0771042404 -1.415017963 1.1603039572 1.0
H 0.8981843012 -2.3199755442 0.18864917 1.0
H 0.429090081 -1.6254710965 1.7555911119 1.0
H 1.3672364087 1.0106181325 -1.9920217126 1.0
H 1.3895427588 -0.7648291555 -2.0390889406 1.0
H 2.6527251589 0.1264185877 -1.1593593234 1.0
C -1.8491518579 -1.3162047604 -0.1292139995 6.0
H -1.0771728208 0.025973834 -1.6093418204 1.0
C -1.9211605148 1.1939936299 -0.0240582094 6.0
H -1.9885098183 1.1883903699 1.0624435463 1.0
H -2.9302832625 1.1717012473 -0.4360134083 1.0
H -1.4438624361 2.127814607 -0.3102788376 1.0
H -1.9138337022 -1.4145706256 0.9543384993 1.0
H -1.3539609181 -2.2028822179 -0.5213597627 1.0
H -2.8673422313 -1.3047916541 -0.5183512502 1.0
P0103-mp2-popt-dd-125 20 125.000000001 -613.965151184
P 0.6000552097 0.0914052607 0.0971223072 15.0
O 0.8112926044 1.1904636352 1.0768511656 8.0
C 1.0727835433 -1.5401139075 0.7215532315 6.0
C 1.5889327742 0.2660149079 -1.4093853362 6.0
C -1.1348657878 -0.0284462092 -0.5197887831 6.0
H 2.1194837054 -1.4841909355 1.016730863 1.0
H 0.9520797092 -2.3188570467 -0.0289050671 1.0
H 0.4805857202 -1.7870187329 1.5997376601 1.0
H 1.3172756395 1.1986719775 -1.9014666666 1.0
H 1.421597292 -0.5639149613 -2.0945771874 1.0
H 2.6430631771 0.3101235136 -1.1412323996 1.0
C -1.8627514442 -1.306621633 -0.1110710691 6.0
H -1.0745722432 0.0200309599 -1.6100470629 1.0
C -1.9053896715 1.2041494773 -0.0386468514 6.0
H -1.9630907406 1.2174332156 1.048026824 1.0
H -2.917109259 1.1849170259 -0.4443611034 1.0
H -1.4231532899 2.129567273 -0.3449205346 1.0
H -1.9242776334 -1.3873198369 0.974375604 1.0
H -1.3802312751 -2.2051984455 -0.4911798633 1.0
H -2.8824460398 -1.2876421052 -0.4958712508 1.0
P0103-mp2-popt-dd-130 20 129.999999999 -613.965643815
P -0.5974644844 -0.079958231 0.1043836676 15.0
O -0.7833644955 -1.1000874724 1.1707833448 8.0
C -1.1110498048 1.5882053959 0.580436471 6.0
C -1.5758411659 -0.4141984328 -1.3822235771 6.0
C 1.1327215171 0.0328308702 -0.520720124 6.0
H -2.1609073474 1.540090639 0.8654384249 1.0
H -0.9921570042 2.2993743671 -0.2349896316 1.0
H -0.5350753208 1.9222142474 1.4403762293 1.0
H -1.2644011271 -1.3706338975 -1.7995774531 1.0
H -1.4448554821 0.364900924 -2.1317582223 1.0
H -2.6270269033 -0.4831831877 -1.1078077668 1.0
C 1.8718069585 1.2982935839 -0.0954236005 6.0
H 1.0717067562 -0.0147239064 -1.6109356671 1.0
C 1.889635275 -1.2130793223 -0.0497144906 6.0
H 1.93992825 -1.2395580193 1.0368796314 1.0
H 2.9031866078 -1.1995410507 -0.4509986225 1.0
H 1.4013530867 -2.1309196783 -0.3706453972 1.0
H 1.9251660236 1.366613524 0.9915148619 1.0
H 1.4016578357 2.2056812647 -0.469782733 1.0
H 2.8944033604 1.2720014263 -0.4719398784 1.0
P0103-mp2-popt-dd-135 20 134.999999994 -613.966315454
P 0.5950689158 -0.0691668461 -0.1098032181 15.0
O 0.7584818335 -1.0039092595 -1.2552318341 8.0
C 1.1464109983 1.6213314598 -0.4409810753 6.0
C 1.5594010619 -0.5532085193 1.344585198 6.0
C -1.1303842708 0.0350964686 0.5215795631 6.0
H 2.2007503948 1.5806513345 -0.7099857266 1.0
H 1.0216027861 2.2648327449 0.4283246712 1.0
H 0.5911146151 2.0334413308 -1.2803980945 1.0
H 1.2119433482 -1.5262685171 1.6886937004 1.0
H 1.4599462912 0.1704552244 2.1521349413 1.0
H 2.6067477113 -0.6420670932 1.0613601111 1.0
C -1.876873665 1.2911856748 0.0832074067 6.0
H -1.0689295166 -0.0107909157 1.6118836448 1.0
C -1.8752744183 -1.2207359288 0.0563859318 6.0
H -1.9209214952 -1.2540467895 -1.030121894 1.0
H -2.8898155848 -1.2146925128 0.455215905 1.0
H -1.3805931161 -2.1326924311 0.3857888273 1.0
H -1.9183332296 1.3529029932 -1.0047925115 1.0
H -1.4184066077 2.2043221449 0.4579947375 1.0
H -2.9033380969 1.2577623592 0.4484163072 1.0
P0103-mp2-popt-dd-140 20 140.000000002 -613.967081148
P 0.5929233731 -0.0592785798 -0.1135598955 15.0
O 0.7365859415 -0.9029755012 -1.3301180802 8.0
C 1.179076084 1.6408344494 -0.3041738472 6.0
C 1.5412833252 -0.6825505458 1.2977692948 6.0
C -1.128158063 0.0351285421 0.5223445921 6.0
H 2.2381383358 1.6053702446 -0.5545831466 1.0
H 1.0445371753 2.2172405284 0.6098701958 1.0
H 0.6466066547 2.1243542238 -1.1199639045 1.0
H 1.1631572309 -1.6669320951 1.5695757691 1.0
H 1.4676027386 -0.018563143 2.1575590354 1.0
H 2.5845777569 -0.7843904945 1.0041458386 1.0
C -1.8786482261 1.28513228 0.0741929346 6.0
H -1.0665266164 -0.0083747715 1.6128434534 1.0
C -1.8633026559 -1.2271621287 0.0588617098 6.0
H -1.9061971779 -1.2619863871 -1.0276936673 1.0
H -2.8784050963 -1.2288421637 0.4561420464 1.0
H -1.3632140013 -2.1353217957 0.3918645505 1.0
H -1.9066204577 1.344553348 -1.0144493285 1.0
H -1.4303423865 2.2014590517 0.4534885567 1.0
H -2.909239709 1.2454981111 0.4269036961 1.0
P0103-mp2-popt-dd-145 20 145.0 -613.967864691
P 0.5910369633 -0.050405311 -0.1159226351 15.0
O 0.7174579189 -0.7981652782 -1.3955267471 8.0
C 1.209248495 1.64799215 -0.1705988356 6.0
C 1.5228918201 -0.8023040122 1.2427273048 6.0
C -1.1262415453 0.0330595908 0.5230312854 6.0
H 2.2725029673 1.6149636667 -0.4028014527 1.0
H 1.0642103545 2.1578118813 0.7808353509 1.0
H 0.6999000666 2.197918017 -0.9586248923 1.0
H 1.1208188157 -1.7944034604 1.4418730032 1.0
H 1.4679747627 -0.2024045471 2.1496760313 1.0
H 2.5628113827 -0.908404181 0.9387915598 1.0
C -1.8777025098 1.2800143629 0.0678560658 6.0
H -1.0648307981 -0.0073548894 1.6138026259 1.0
C -1.8544026758 -1.2324163299 0.0578557806 6.0
H -1.8945452244 -1.2654266971 -1.0289099188 1.0
H -2.8703360462 -1.2402025967 0.4527534145 1.0
H -1.3514920093 -2.1388936811 0.3921066385 1.0
H -1.8917437042 1.3401097429 -1.021043483 1.0
H -1.4376484957 2.197436773 0.4541824223 1.0
H -2.9123204616 1.2355884001 0.4079330955 1.0
P0103-mp2-popt-dd-150 20 150.000000002 -613.968604496
P 0.5893799501 -0.0425197077 -0.1172403535 15.0
O 0.7009132862 -0.6901982433 -1.4516477414 8.0
C 1.2371894075 1.6439634801 -0.0405174914 6.0
C 1.5050912104 -0.9130076536 1.1800902367 6.0
C -1.1247440872 0.029281145 0.523686216 6.0
H 2.3038587558 1.6108699076 -0.2563928451 1.0
H 1.0823042899 2.0873182777 0.9422808395 1.0
H 0.7503448776 2.256207104 -0.7961396181 1.0
H 1.0863122376 -1.9101442406 1.3045724057 1.0
H 1.4612965796 -0.3819618101 2.1295588368 1.0
H 2.5430434294 -1.0140255199 0.8677446829 1.0
C -1.874587457 1.2757161368 0.0634849872 6.0
H -1.0639194248 -0.007331293 1.6147740485 1.0
C -1.8488139622 -1.2365879684 0.0545083984 6.0
H -1.8849981837 -1.2663055706 -1.0325961865 1.0
H -2.8663220774 -1.247611818 0.4450751622 1.0
H -1.346580318 -2.1432598587 0.389759939 1.0
H -1.8753187783 1.3380051712 -1.0253562854 1.0
H -1.4405720472 2.1926869113 0.4577343208 1.0
H -2.9128501192 1.2283625765 0.3917943499 1.0
P0103-mp2-popt-dd-155 20 154.999999998 -613.96925614
P 0.5879349083 -0.0354210062 -0.1178823398 15.0
O 0.6867924631 -0.5796050541 -1.4987299971 8.0
C 1.2633252615 1.6296812135 0.0859712664 6.0
C 1.4880075716 -1.015450502 1.1102366954 6.0
C -1.1236621151 0.0243494821 0.5243450117 6.0
H 2.3324361682 1.5946444043 -0.1170763958 1.0
H 1.1006038573 2.0059336034 1.0952168196 1.0
H 0.7974069964 2.3008663374 -0.6318153947 1.0
H 1.0597455663 -2.0150092602 1.1560110868 1.0
H 1.446795935 -0.55881926 2.0977805127 1.0
H 2.5260458183 -1.1021027651 0.7938103554 1.0
C -1.8699195585 1.2720847947 0.0603140039 6.0
H -1.0637278233 -0.0077498355 1.6157572821 1.0
C -1.8462634436 -1.2399016178 0.0502004316 6.0
H -1.8763230461 -1.2667838131 -1.0373147466 1.0
H -2.866372558 -1.250517277 0.4337677793 1.0
H -1.3485418094 -2.1480797907 0.3882405803 1.0
H -1.8583289434 1.3370384805 -1.0282371548 1.0
H -1.4398750793 2.1876011566 0.4623374776 1.0
H -2.9113618425 1.2236671027 0.3781517283 1.0
P0103-mp2-popt-dd-160 20 159.999999997 -613.969793204
P 0.5866685921 -0.0287722557 -0.1181643652 15.0
O 0.6750912166 -0.466820045 -1.5369906406 8.0
C 1.2882920759 1.6058449502 0.2088164385 6.0
C 1.4711406375 -1.1103950717 1.0333592181 6.0
C -1.1229499521 0.0188677553 0.5249650071 6.0
H 2.3590100807 1.5674562514 0.0151202782 1.0
H 1.1197852665 1.9139451682 1.2400255528 1.0
H 0.8418970199 2.3327929021 -0.4657284965 1.0
H 1.0400937023 -2.1087773074 0.9948165226 1.0
H 1.4241350631 -0.7344776317 2.0541451518 1.0
H 2.5115018298 -1.1749062232 0.719155021 1.0
C -1.8645413924 1.2688990179 0.0577970486 6.0
H -1.0639267983 -0.0079866821 1.6166808781 1.0
C -1.8460267853 -1.2426606686 0.0461903406 6.0
H -1.8672583085 -1.2688890168 -1.0417478731 1.0
H -2.8698844464 -1.2491114024 0.419601807 1.0
H -1.356451429 -2.1529376845 0.3902903148 1.0
H -1.8434752365 1.3353635906 -1.0304066129 1.0
H -1.4358393726 2.1826597977 0.4653387698 1.0
H -2.9082371129 1.2215970881 0.3682349653 1.0
P0103-mp2-popt-dd-165 20 164.999999989 -613.970204976
P 0.5856187284 -0.0221584505 -0.1183274673 15.0
O 0.6657698896 -0.3521386439 -1.5666387228 8.0
C 1.3127935912 1.5729226279 0.327951069 6.0
C 1.4534748635 -1.1984966926 0.9496030535 6.0
C -1.1224879995 0.0134296726 0.525603605 6.0
H 2.3839472303 1.5310395622 0.1374788167 1.0
H 1.1428566015 1.8101812583 1.3774997507 1.0
H 0.8828219036 2.3529977652 -0.2959735938 1.0
H 1.025186534 -2.1901444732 0.8202532263 1.0
H 1.3918732649 -0.9100097018 1.997759645 1.0
H 2.4984019725 -1.2355214354 0.646188738 1.0
C -1.8592726883 1.2658814239 0.0553372114 6.0
H -1.0643440667 -0.0074731787 1.6175732139 1.0
C -1.8470574677 -1.2453205413 0.0436009781 6.0
H -1.8569581347 -1.2741148161 -1.0446727649 1.0
H -2.8755603706 -1.244358154 0.4039809158 1.0
H -1.3683910473 -2.1574459117 0.3976794023 1.0
H -1.8318359598 1.3319349299 -1.0325877634 1.0
H -1.429568308 2.1781458047 0.4653321792 1.0
H -2.9042312229 1.2215190838 0.3618345655 1.0
P0103-mp2-popt-dd-170 20 169.999999991 -613.970492251
P 0.5848181869 -0.0152249944 -0.1184843282 15.0
O 0.6589420668 -0.2358500835 -1.5878004835 8.0
C 1.3374980447 1.5311463344 0.4432088708 6.0
C 1.4339646296 -1.2799604342 0.8592652193 6.0
C -1.1221954048 0.0084486306 0.5262008183 6.0
H 2.4077352914 1.48723759 0.2481594438 1.0
H 1.1720899575 1.6933148473 1.5076280709 1.0
H 0.9197199178 2.361574049 -0.121132769 1.0
H 1.0121195191 -2.2569410543 0.6341850937 1.0
H 1.3504596132 -1.0845215405 1.9272803873 1.0
H 2.4850461667 -1.2882973378 0.5755313642 1.0
C -1.8549440968 1.2627353897 0.0526557 6.0
H -1.0646907387 -0.0058766161 1.6183559998 1.0
C -1.848384611 -1.2482549339 0.0429713006 6.0
H -1.8460812065 -1.2826266543 -1.0454537582 1.0
H -2.8817505706 -1.2382575852 0.3889682912 1.0
H -1.3816115517 -2.1613624568 0.409757488 1.0
H -1.8250184877 1.3258513544 -1.0351702442 1.0
H -1.4219416678 2.1742296004 0.4611012719 1.0
H -2.8999804004 1.222860427 0.3594060049 1.0
P0103-mp2-popt-dd-175 20 174.999999996 -613.970661112
P -0.5843140394 -0.0077973838 0.1186317508 15.0
O -0.6547694229 -0.1182931596 1.6005200864 8.0
C -1.3626661738 1.4806608674 -0.5543367328 6.0
C -1.4119801104 -1.3545518613 -0.7628570032 6.0
C 1.1220157731 0.0040400392 -0.5266409279 6.0
H -2.430390218 1.4386180569 -0.3456174817 1.0
H -1.2092262081 1.5618238264 -1.6296778657 1.0
H -0.9516219274 2.3578859953 -0.0602328572 1.0
H -0.9973056151 -2.3071983429 -0.4414016668 1.0
H -1.3026779029 -1.2546043619 -1.8417936817 1.0
H -2.4696637666 -1.3380620235 -0.5051787873 1.0
C 1.8520333334 1.2592544094 -0.0497045935 6.0
H 1.0648521171 -0.0032435231 -1.6189074703 1.0
C 1.8494506846 -1.2516736145 -0.0442241994 6.0
H 1.8358412365 -1.2936784104 1.0441382886 1.0
H 2.887255821 -1.2326051324 -0.3762725339 1.0
H 1.393899433 -2.1647237607 -0.4246045666 1.0
H 1.8237117429 1.3169585433 1.0382185037 1.0
H 1.4136287955 2.1708508522 -0.4523773141 1.0
H 2.8958936271 1.2250895403 -0.3610249164 1.0
P0103-mp2-popt-dd-180 20 180.000000854 -613.970716785
P 0.5863930094 1.83276e-05 -0.1070495162 15.0
O 0.6851659966 0.0001092418 -1.5914525376 8.0
C 1.3744076791 1.4216404915 0.6885996838 6.0
C 1.374452457 -1.4217033369 0.6883894239 6.0
C -1.1322160417 -4.79255e-05 0.504377472 6.0
H 2.4422906058 1.3880564783 0.479160733 1.0
H 1.218809648 1.415064175 1.7665715369 1.0
H 0.9725233204 2.3404213116 0.2678812383 1.0
H 0.9725600513 -2.3403974954 0.267486514 1.0
H 1.2188150767 -1.415308109 1.7663554621 1.0
H 2.4423316042 -1.3880699811 0.4789497785 1.0
C -1.8510169382 1.2554411852 0.0099905376 6.0
H -1.0968795628 -0.0001130045 1.5975998114 1.0
C -1.8509799936 -1.2554863172 0.0098226734 6.0
H -1.8065159325 -1.3058276715 -1.0776541875 1.0
H -2.8985879083 -1.228179413 0.3089185803 1.0
H -1.4130333293 -2.1678149538 0.4116409881 1.0
H -1.8066868281 1.3058351285 -1.0774881912 1.0
H -1.4129611318 2.1677228465 0.411798765 1.0
H -2.8985805712 1.2281699855 0.3092382674 1.0
