15 14 0 1
0 180 5
37
P0106-mp2-popt-dd-000 21 0.0 -726.851530758
P -1.777060504 -0.0151001934 0.0856188872 15.0
O -1.3397136652 -1.203489935 0.862637541 8.0
C -2.5567970603 1.2810933786 1.0742222744 6.0
C -2.9759583289 -0.3722107413 -1.2184260986 6.0
H -3.4480024147 0.8745061279 1.5501233419 1.0
H -2.8302581633 2.1406775841 0.4649320306 1.0
H -1.8572950219 1.5952837549 1.8462398554 1.0
H -2.5415386042 -1.10371183 -1.8968181134 1.0
H -3.2402639428 0.5240078661 -1.7768488664 1.0
H -3.871746307 -0.7973130127 -0.7679909031 1.0
C 1.9600768925 0.8623278789 -1.230203009 6.0
C 1.7838774282 1.9986219418 -2.0173594705 6.0
C 0.511024092 2.5453730102 -2.1789329253 6.0
C -0.5842375982 1.95592344 -1.5537622237 6.0
C -0.4118235823 0.8144565873 -0.7621682302 6.0
C 0.8661172131 0.2699091254 -0.6031047261 6.0
H 2.9473188005 0.4388319461 -1.1053803543 1.0
H 2.6336906339 2.4577921708 -2.5036762508 1.0
H 0.3739286522 3.4272974238 -2.7897631173 1.0
H -1.5679908728 2.3894655661 -1.6865472666 1.0
H 0.9786529185 -0.6125950437 0.01280877 1.0
P0106-mp2-popt-dd-005 21 4.99999999388 -726.851481048
P -1.7767497525 -0.0140078478 0.0870958586 15.0
O -1.3408296692 -1.2068442471 0.8580864409 8.0
C -2.5629367908 1.2720900688 1.0836534554 6.0
C -2.9693977724 -0.361571975 -1.2253158341 6.0
H -3.4500606204 0.8547603935 1.5578602567 1.0
H -2.8457390858 2.1338868865 0.4820940879 1.0
H -1.8649385698 1.5858117199 1.8571641386 1.0
H -2.5321883739 -1.0891059761 -1.90624668 1.0
H -3.2261185925 0.5399111525 -1.7790585122 1.0
H -3.8693736821 -0.7875176954 -0.7840840785 1.0
C 1.9402025568 0.7997792925 -1.3225841704 6.0
C 1.7800726312 1.9862205496 -2.035722724 6.0
C 0.5260722046 2.5920783302 -2.1100244788 6.0
C -0.5665412769 2.0114115481 -1.4720567712 6.0
C -0.4098129262 0.8209755604 -0.75264254 6.0
C 0.8490030758 0.2163052688 -0.6824861831 6.0
H 2.9128971485 0.3306007841 -1.265009839 1.0
H 2.6278422446 2.4387331762 -2.531746877 1.0
H 0.4014128594 3.5130239168 -2.6632136659 1.0
H -1.5358245359 2.4903176213 -1.5382101491 1.0
H 0.9505445629 -0.7020442032 -0.1193172621 1.0
P0106-mp2-popt-dd-010 21 10.0000000024 -726.851335796
P -1.7763850391 -0.0129404849 0.0885092574 15.0
O -1.342350738 -1.2099478256 0.8540814864 8.0
C -2.5690353323 1.2636802147 1.092084241 6.0
C -2.9630649073 -0.3519815022 -1.2316072932 6.0
H -3.4496157615 0.8342258745 1.5676641444 1.0
H -2.8652470265 2.1252468376 0.4969887681 1.0
H -1.8715730437 1.5805986938 1.864718656 1.0
H -2.5223107038 -1.0741661685 -1.9160151103 1.0
H -3.215152893 0.554424575 -1.779622756 1.0
H -3.8656876801 -0.7810133422 -0.7987980306 1.0
C 1.9138625006 0.7434659935 -1.4178269074 6.0
C 1.775340419 1.975497983 -2.0541052893 6.0
C 0.5464908561 2.6346731624 -2.0382839915 6.0
C -0.5428956099 2.0616299686 -1.3878303697 6.0
C -0.4073690383 0.8263828042 -0.7436329424 6.0
C 0.826163386 0.1678404434 -0.7649852988 6.0
H 2.8671795998 0.2329475607 -1.4295697628 1.0
H 2.6205754978 2.4222319822 -2.5595950218 1.0
H 0.4386040695 3.5912203349 -2.5313143295 1.0
H -1.4927020653 2.5819629753 -1.3849762784 1.0
H 0.9135811269 -0.7833757474 -0.2566411949 1.0
P0106-mp2-popt-dd-015 21 14.999999995 -726.851108415
P -1.7759722485 -0.0119660171 0.0898537023 15.0
O -1.3442378781 -1.2126544444 0.8509446512 8.0
C -2.5748383743 1.2565617745 1.0987368348 6.0
C -2.9571662822 -0.3443691975 -1.2369701786 6.0
H -3.4462777786 0.8142414881 1.5793459673 1.0
H -2.8884388906 2.1147855581 0.5080120408 1.0
H -1.8768056258 1.5811100479 1.8676336921 1.0
H -2.5133699366 -1.0627671631 -1.9234717268 1.0
H -3.205100607 0.5656993896 -1.7809329007 1.0
H -3.8621881917 -0.7754503391 -0.8111957828 1.0
C 1.8811017191 0.6938901894 -1.5157149067 6.0
C 1.7698851024 1.9668802373 -2.0717968404 6.0
C 0.5724284336 2.6730806397 -1.9632289496 6.0
C -0.5133502148 2.1062045902 -1.3011293473 6.0
C -0.4047885836 0.8303805517 -0.7358751009 6.0
C 0.7974462112 0.124676053 -0.8509385595 6.0
H 2.8103355191 0.1468450616 -1.5984643177 1.0
H 2.6122514521 2.4089752748 -2.5860658168 1.0
H 0.485828209 3.6617076954 -2.3931366858 1.0
H -1.4386053747 2.6636381423 -1.2267336097 1.0
H 0.8674807233 -0.8565285947 -0.4000995956 1.0
P0106-mp2-popt-dd-020 21 19.9999999853 -726.850817427
P -1.7755322153 -0.0111463629 0.0911299032 15.0
O -1.3464502963 -1.2148011321 0.8490106609 8.0
C -2.5801208944 1.2514225094 1.1029173238 6.0
C -2.9518672618 -0.3391834433 -1.2412395773 6.0
H -3.4405793853 0.7965755207 1.591570042 1.0
H -2.9135139865 2.1031989797 0.5139095065 1.0
H -1.8810067492 1.5875958371 1.8657806052 1.0
H -2.5048435767 -1.0540380733 -1.9294254987 1.0
H -3.197633606 0.57346376 -1.7819148681 1.0
H -3.8582077791 -0.7730816434 -0.8210950615 1.0
C 1.842084634 0.6517470048 -1.6159189627 6.0
C 1.7637759661 1.9605312233 -2.0884531189 6.0
C 0.6039054002 2.7068312301 -1.8845281275 6.0
C -0.4780130812 2.1443926737 -1.2119982407 6.0
C -0.4023028394 0.8326804368 -0.7298794858 6.0
C 0.7629028712 0.087219835 -0.9403519623 6.0
H 2.7426476208 0.0734675218 -1.7713588186 1.0
H 2.6030115454 2.3992357508 -2.6106690739 1.0
H 0.5430840856 3.7235113262 -2.248353706 1.0
H -1.3735770054 2.7339474369 -1.0632102407 1.0
H 0.8121540116 -0.9208638983 -0.5500254033 1.0
P0106-mp2-popt-dd-025 21 24.9999999807 -726.850484521
P -1.7750323737 -0.0105906094 0.0923875905 15.0
O -1.3491335038 -1.2164692399 0.8484697421 8.0
C -2.5844413623 1.2485797789 1.1045814236 6.0
C -2.9472332508 -0.3363852721 -1.2443500573 6.0
H -3.4340885891 0.7831860852 1.6021428225 1.0
H -2.9364610134 2.0923416604 0.5149944475 1.0
H -1.8844869239 1.5977796239 1.8607914814 1.0
H -2.4973417701 -1.0488280767 -1.9332501437 1.0
H -3.1918081366 0.5776627158 -1.7831932203 1.0
H -3.8543816701 -0.7726647639 -0.8283643192 1.0
C 1.7971377149 0.6179065047 -1.7177936173 6.0
C 1.7571981823 1.9566501875 -2.1035742449 6.0
C 0.6406705298 2.7351043296 -1.8026137697 6.0
C -0.4373018898 2.1752511929 -1.1211805622 6.0
C -0.4001559003 0.8333178342 -0.7259418119 6.0
C 0.7226302841 0.0561585576 -1.032993003 6.0
H 2.6647533748 0.0143944963 -1.9471310392 1.0
H 2.593201802 2.3933695834 -2.6325774262 1.0
H 0.6101054506 3.7751607341 -2.0976684089 1.0
H -1.2984349425 2.7907923036 -0.8960601097 1.0
H 0.7475313586 -0.9752822934 -0.706395351 1.0
P0106-mp2-popt-dd-030 21 29.9999999802 -726.850128602
P -1.774501945 -0.0103404678 0.0935989861 15.0
O -1.3521351776 -1.2176413362 0.8492949556 8.0
C -2.5875194989 1.2478818281 1.1040759063 6.0
C -2.9434588815 -0.3356770801 -1.2462787657 6.0
H -3.4287969302 0.7751345781 1.6088572894 1.0
H -2.9535451858 2.0841273353 0.5123395301 1.0
H -1.8876873377 1.608423179 1.8550884399 1.0
H -2.4912817425 -1.0467632648 -1.9351646921 1.0
H -3.1875911893 0.5787949309 -1.7845570915 1.0
H -3.850973105 -0.7738208069 -0.8330006947 1.0
C 1.7467533343 0.5931024908 -1.8203719094 6.0
C 1.750374718 1.9551116209 -2.1169439379 6.0
C 0.6823982199 2.7570149744 -1.7183347703 6.0
C -0.3917233907 2.1980026574 -1.0296787749 6.0
C -0.3985623843 0.8325351589 -0.7241290418 6.0
C 0.6768538669 0.0323114857 -1.1281324096 6.0
H 2.5774548046 -0.0291280606 -2.1242407047 1.0
H 2.5832001793 2.3911583698 -2.6514666 1.0
H 0.6862256784 3.8149828095 -1.9428297022 1.0
H -1.2142299966 2.8325610637 -0.7274151393 1.0
H 0.6736015897 -1.0183285005 -0.8683176028 1.0
P0106-mp2-popt-dd-035 21 34.9999999832 -726.849763275
P -1.7739503392 -0.0104267297 0.0947515979 15.0
O -1.3553338521 -1.218341279 0.8514089516 8.0
C -2.5892224252 1.2488563391 1.102022286 6.0
C -2.9406108838 -0.3365696914 -1.24710201 6.0
H -3.4263755326 0.772493428 1.6102143991 1.0
H -2.9621478508 2.0800502502 0.5074415882 1.0
H -1.8908578087 1.6163743633 1.8510690572 1.0
H -2.4868077981 -1.0468877233 -1.9357804108 1.0
H -3.1851167077 0.5777306844 -1.7854356198 1.0
H -3.8479993781 -0.7763584245 -0.8352578607 1.0
C 1.6915395129 0.5778209745 -1.9225600573 6.0
C 1.7435961983 1.9556227723 -2.1284600875 6.0
C 0.728650056 2.7717872201 -1.6329022067 6.0
C -0.3419122794 2.2121664354 -0.9387391706 6.0
C -0.39770715 0.8307581799 -0.7243583576 6.0
C 0.6258791423 0.0164720473 -1.2247887416 6.0
H 2.4817545865 -0.0562514833 -2.3008088714 1.0
H 2.573458351 2.3921051794 -2.6671970098 1.0
H 0.7705930991 3.8415965127 -1.7860469238 1.0
H -1.1223392408 2.8583203559 -0.559963469 1.0
H 0.5904959955 -1.0484678054 -1.0343388704 1.0
P0106-mp2-popt-dd-040 21 39.9999999842 -726.849397421
P -1.773414254 -0.0108143934 0.0957828529 15.0
O -1.3583785342 -1.2184567372 0.8546672099 8.0
C -2.5897068698 1.2509860613 1.0989371247 6.0
C -2.9389553244 -0.3388424641 -1.246727968 6.0
H -3.4277452477 0.774603377 1.6056050172 1.0
H -2.9615308552 2.0806597277 0.5014657381 1.0
H -1.8943718209 1.6198544898 1.8501940051 1.0
H -2.4843541328 -1.0487170449 -1.9353830099 1.0
H -3.1848101471 0.5748780714 -1.7853593449 1.0
H -3.8455883943 -0.7802421873 -0.8349300706 1.0
C 1.6321905986 0.5722891789 -2.0233277521 6.0
C 1.7372279599 1.9577957398 -2.1380685855 6.0
C 0.7790850409 2.7788853344 -1.5473645115 6.0
C -0.2884373634 2.2175679385 -0.8494660374 6.0
C -0.3977723854 0.828409133 -0.726627896 6.0
C 0.5700697655 0.0092655217 -1.3220293404 6.0
H 2.3787513393 -0.0665580983 -2.4750627302 1.0
H 2.5645347607 2.3955556326 -2.6796688449 1.0
H 0.8624701201 3.8540758425 -1.6292649037 1.0
H -1.0239676183 2.8678477024 -0.3958357803 1.0
H 0.4983870605 -1.064323918 -1.2029146932 1.0
P0106-mp2-popt-dd-045 21 44.999999995 -726.849036994
P -1.7729276406 -0.0114550329 0.0965990766 15.0
O -1.360855999 -1.2178452475 0.8588848842 8.0
C -2.589167043 1.2538994589 1.0951547891 6.0
C -2.9387922919 -0.3423552333 -1.2450404173 6.0
H -3.4327019767 0.7805963526 1.5955054797 1.0
H -2.9525402323 2.0855650269 0.4951524756 1.0
H -1.8983688319 1.6186475794 1.8526292987 1.0
H -2.4845393405 -1.0520975718 -1.9340643486 1.0
H -3.1870244823 0.5704876092 -1.783998362 1.0
H -3.8439697151 -0.7852662987 -0.8316782628 1.0
C 1.5694438044 0.5765684345 -2.121728065 6.0
C 1.7315624352 1.9612285842 -2.1457518812 6.0
C 0.8332758423 2.7779195976 -1.4626160564 6.0
C -0.2318922788 2.2141423177 -0.7627598305 6.0
C -0.3989068998 0.825837949 -0.7309228259 6.0
C 0.5099049617 0.0111325639 -1.4189214115 6.0
H 2.2696731491 -0.0598686626 -2.64532 1.0
H 2.5568756408 2.4008602826 -2.6888508458 1.0
H 0.9610154605 3.8518060064 -1.4740855832 1.0
H -0.9202997147 2.861163377 -0.2366430747 1.0
H 0.397778698 -1.0647284662 -1.3723223003 1.0
P0106-mp2-popt-dd-050 21 50.0000000094 -726.848686241
P -1.7725247411 -0.0123042585 0.0970697497 15.0
O -1.3624707503 -1.2163986122 0.8638705259 8.0
C -2.5877157437 1.2573935933 1.0908507794 6.0
C -2.9405805914 -0.3470630244 -1.2418041906 6.0
H -3.4402824895 0.7896988474 1.5810298437 1.0
H -2.9368127954 2.0938389589 0.4889058642 1.0
H -1.9027343733 1.6135979925 1.8576356388 1.0
H -2.4884074281 -1.0573924155 -1.9315264278 1.0
H -3.1920464464 0.5645635038 -1.7812565011 1.0
H -3.8436320324 -0.7908686095 -0.8248025529 1.0
C 1.5041490599 0.5906754585 -2.2169206746 6.0
C 1.7268191825 1.965627259 -2.1515520957 6.0
C 0.8906832876 2.7686377701 -1.3794349306 6.0
C -0.1728961197 2.2018450726 -0.679372825 6.0
C -0.4011623146 0.8232707906 -0.7372051268 6.0
C 0.4461009048 0.0223493708 -1.5145535603 6.0
H 2.1559645924 -0.0360947696 -2.8100449744 1.0
H 2.5507885634 2.407559918 -2.694800307 1.0
H 1.065202414 3.8344183147 -1.321835362 1.0
H -0.8125098049 2.838317661 -0.083622153 1.0
H 0.2897733882 -1.0487891158 -1.5407179203 1.0
P0106-mp2-popt-dd-055 21 55.0000000036 -726.848348129
P -1.7722216496 -0.0133164436 0.0970873113 15.0
O -1.3630593478 -1.2140678874 0.8694234874 8.0
C -2.585420416 1.2613768693 1.086158764 6.0
C -2.9446665097 -0.3528111522 -1.2368436675 6.0
H -3.4493439004 0.8012720435 1.5634544092 1.0
H -2.9160934727 2.1044769281 0.4829896303 1.0
H -1.9072541937 1.6058518124 1.8642585487 1.0
H -2.4965155147 -1.0642034319 -1.92794216 1.0
H -3.2006860187 0.5573612835 -1.7765459123 1.0
H -3.8445994952 -0.7972064949 -0.8138223409 1.0
C 1.4371856136 0.6145092824 -2.3081342991 6.0
C 1.7230143512 1.9707784396 -2.1556585168 6.0
C 0.9505884693 2.7509150542 -1.2986038105 6.0
C -0.112113219 2.1806574213 -0.5999492919 6.0
C -0.4044627438 0.8208331136 -0.7453130669 6.0
C 0.3795758808 0.0429685386 -1.6079463406 6.0
H 2.0391418186 0.0046990914 -2.9678773441 1.0
H 2.5462460649 2.4153556877 -2.6978453891 1.0
H 1.1737270428 3.8017746741 -1.173922221 1.0
H -0.7017284501 2.7993638905 0.0622755671 1.0
H 0.1759668353 -1.0160394485 -1.7060132255 1.0
P0106-mp2-popt-dd-060 21 60.0000000082 -726.848023594
P -1.7719911784 -0.0144957165 0.0966359276 15.0
O -1.3627548123 -1.211160327 0.8751128203 8.0
C -2.5821643454 1.2657360482 1.0812902763 6.0
C -2.9511820447 -0.3589879675 -1.2301725784 6.0
H -3.4575636062 0.8142394177 1.5457285976 1.0
H -2.893462137 2.1157613459 0.4774256332 1.0
H -1.9107372631 1.5978368847 1.8704885275 1.0
H -2.5114805734 -1.0764767586 -1.9201593002 1.0
H -3.2084522931 0.5487180449 -1.7733644347 1.0
H -3.8494603439 -0.7980619237 -0.7982181555 1.0
C 1.3693848562 0.6479557779 -2.3946723628 6.0
C 1.7198705867 1.9767257326 -2.1584376111 6.0
C 1.0118611386 2.7249409824 -1.2211308067 6.0
C -0.0503444131 2.1506350653 -0.5251406431 6.0
C -0.4083579544 0.8183474477 -0.7546389397 6.0
C 0.3115708123 0.0727105545 -1.6978725767 6.0
H 1.9208134121 0.0622133627 -3.1173733962 1.0
H 2.5428113177 2.4243337671 -2.6985499245 1.0
H 1.2846205405 3.7542168184 -1.0318829798 1.0
H -0.5894903306 2.7444606555 0.199856769 1.0
H 0.0588563714 -0.9667418044 -1.8656988953 1.0
P0106-mp2-popt-dd-065 21 65.0000000167 -726.847717724
P -1.7718925854 -0.0156928296 0.095696004 15.0
O -1.3610369021 -1.207355623 0.880858305 8.0
C -2.578216549 1.2706082299 1.0761064471 6.0
C -2.9601248089 -0.3664801013 -1.2214961962 6.0
H -3.4641993774 0.8281579259 1.5290752205 1.0
H -2.8710884494 2.126673241 0.4714594099 1.0
H -1.9129472876 1.5913715874 1.8750551075 1.0
H -2.5317745887 -1.0931763645 -1.9086881307 1.0
H -3.2180934878 0.5376089115 -1.7702861207 1.0
H -3.8566536626 -0.7971931705 -0.7776890685 1.0
C 1.3011156988 0.6907223659 -2.4761313188 6.0
C 1.7175687221 1.9831897099 -2.1597813317 6.0
C 1.0744589651 2.6906812119 -1.1471044301 6.0
C 0.0120590445 2.1120762762 -0.455245987 6.0
C -0.4132702079 0.816292091 -0.7654846284 6.0
C 0.2422738727 0.1115754335 -1.7840142691 6.0
H 1.8015265501 0.1360938837 -3.2580695637 1.0
H 2.5407583048 2.4340186131 -2.6968085115 1.0
H 1.397896369 3.6916465052 -0.895996528 1.0
H -0.4761514272 2.6740653368 0.3288169475 1.0
H -0.0612732175 -0.9007430368 -2.0191221064 1.0
P0106-mp2-popt-dd-070 21 70.0000000079 -726.847440556
P -1.7718721854 -0.0167173209 0.0944826395 15.0
O -1.357856242 -1.2029668175 0.8860876364 8.0
C -2.5739492961 1.2757650604 1.0708940886 6.0
C -2.9705541226 -0.3751041499 -1.211289225 6.0
H -3.4691796224 0.842378111 1.5143880919 1.0
H -2.8501110926 2.1366968543 0.4652087519 1.0
H -1.91392836 1.5870067995 1.877804447 1.0
H -2.5561180178 -1.1154109198 -1.8921654571 1.0
H -3.2270464399 0.5236359046 -1.7693946042 1.0
H -3.8662062079 -0.7927553672 -0.7534825448 1.0
C 1.2324941603 0.7423603409 -2.5519634776 6.0
C 1.7157140751 1.9899497632 -2.1601202742 6.0
C 1.1376855488 2.648395124 -1.0774659455 6.0
C 0.0746209365 2.0654655992 -0.3906928473 6.0
C -0.418933539 0.8148696161 -0.7770598855 6.0
C 0.1721192226 0.1592504333 -1.8652407104 6.0
H 1.6817494193 0.2253980194 -3.3888425824 1.0
H 2.5396275406 2.4439647783 -2.6933259932 1.0
H 1.5125217845 3.6144234521 -0.7678507897 1.0
H -0.3622968399 2.5888248111 0.4484760637 1.0
H -0.183468109 -0.8185135885 -2.164042822 1.0
P0106-mp2-popt-dd-075 21 75.0000000154 -726.847208045
P -1.7719385819 -0.0173741346 0.0931377391 15.0
O -1.3529991487 -1.1980403702 0.8904306207 8.0
C -2.5698537271 1.2809814114 1.0658504042 6.0
C -2.9814782291 -0.3850494324 -1.2001188995 6.0
H -3.4712695063 0.8554270723 1.5044198221 1.0
H -2.8340772263 2.1442306383 0.4580578572 1.0
H -1.9128624873 1.587099933 1.8770484119 1.0
H -2.5810833721 -1.1408016468 -1.872135903 1.0
H -3.2365809098 0.50679147 -1.769724171 1.0
H -3.8760765209 -0.7880500891 -0.7273970744 1.0
C 1.163517058 0.8022668877 -2.6215638454 6.0
C 1.7141414716 1.9965939679 -2.1596598846 6.0
C 1.2013278925 2.5982263193 -1.0128521602 6.0
C 0.1370721538 2.0114115307 -0.3317910224 6.0
C -0.4254586297 0.8146046061 -0.7888941898 6.0
C 0.1011074521 0.2155546829 -1.9406477016 6.0
H 1.5616339542 0.3290849201 -3.5087224977 1.0
H 2.5392573474 2.4534138536 -2.6885793314 1.0
H 1.6282395418 3.5227601537 -0.648801347 1.0
H -0.2481187313 2.4895317131 0.5582561065 1.0
H -0.3076551157 -0.7203579056 -2.2986678254 1.0
P0106-mp2-popt-dd-080 21 80.0000000062 -726.847039669
P -1.772087055 -0.0176074438 0.0918151107 15.0
O -1.3466128133 -1.1928588047 0.8936115562 8.0
C -2.5662778858 1.2859070718 1.0612589674 6.0
C -2.9918192925 -0.3957982218 -1.1888558143 6.0
H -3.4703346544 0.866385942 1.5002479533 1.0
H -2.8244673158 2.1485798719 0.4499876084 1.0
H -1.9094926443 1.5921101133 1.8724565278 1.0
H -2.6037964478 -1.1669844452 -1.8503797399 1.0
H -3.2464432073 0.488073678 -1.7708724913 1.0
H -3.8849603431 -0.7845217315 -0.7016809749 1.0
C 1.094262048 0.8697240899 -2.6842413715 6.0
C 1.7124100412 2.0029598887 -2.1588724326 6.0
C 1.2648346451 2.5406371112 -0.9542509619 6.0
C 0.1991151158 1.9506007275 -0.2788976488 6.0
C -0.4325987896 0.8157262264 -0.8001704016 6.0
C 0.0296378233 0.2799273819 -2.0089332519 6.0
H 1.4413583903 0.4459089648 -3.6166391074 1.0
H 2.538979882 2.4620555133 -2.6835274456 1.0
H 1.7442210916 3.4173898888 -0.5407080329 1.0
H -0.1339652595 2.3771624002 0.6573134415 1.0
H -0.4328914458 -0.607372917 -2.420530726 1.0
P0106-mp2-popt-dd-085 21 85.0000000121 -726.846948776
P -1.7723005234 -0.0174710448 0.0905980301 15.0
O -1.3390814052 -1.1877420559 0.8955046943 8.0
C -2.563162033 1.2903341626 1.0573647321 6.0
C -3.0009617947 -0.4065129544 -1.1782219173 6.0
H -3.4656340304 0.8746206775 1.5032194665 1.0
H -2.8224148138 2.1491751776 0.4410890097 1.0
H -1.9029742659 1.6025686279 1.8633724593 1.0
H -2.6220904046 -1.1905122229 -1.8298918624 1.0
H -3.2573819357 0.4694811554 -1.7711831592 1.0
H -3.8917448749 -0.7840819178 -0.6781701258 1.0
C 1.0251697968 0.9438933435 -2.7392636304 6.0
C 1.710100677 2.0091514686 -2.1580465866 6.0
C 1.3273608013 2.4764222526 -0.9025703154 6.0
C 0.2602224235 1.8837146939 -0.2324698205 6.0
C -0.4399518342 0.8180227686 -0.8102456842 6.0
C -0.0415546599 0.351437327 -2.0690162612 6.0
H 1.3218101966 0.5743794006 -3.7113452092 1.0
H 2.5381221916 2.4700815146 -2.6787872488 1.0
H 1.8589853785 3.2997458427 -0.4453876089 1.0
H -0.0207549646 2.2527337751 0.7445594479 1.0
H -0.5575151161 -0.4814963995 -2.5274600979 1.0
P0106-mp2-popt-dd-090 21 89.9999999893 -726.846941973
P -1.7726019243 -0.0171388795 0.0894669846 15.0
O -1.3309726337 -1.1829819417 0.8962121026 8.0
C -2.5600367195 1.2941710358 1.0544422956 6.0
C -3.0088799432 -0.4163133713 -1.1686086026 6.0
H -3.4567814039 0.8803207102 1.5134244883 1.0
H -2.8271685376 2.1462880055 0.4321446042 1.0
H -1.8926707437 1.6175474276 1.8500151477 1.0
H -2.6352424455 -1.2083976531 -1.8135545777 1.0
H -3.2705136629 0.4531905465 -1.7687390634 1.0
H -3.8958423978 -0.7882186374 -0.6576841793 1.0
C 0.9570302824 1.0238728964 -2.7860352604 6.0
C 1.7069421913 2.0155592184 -2.1572823904 6.0
C 1.3879126728 2.4067479884 -0.8585059449 6.0
C 0.3197052115 1.8115140218 -0.1930168643 6.0
C -0.4470506385 0.8209423848 -0.8188348338 6.0
C -0.111397428 0.4288203081 -2.1201957997 6.0
H 1.2043720593 0.7129436226 -3.791839689 1.0
H 2.5361667653 2.4781741601 -2.6746037141 1.0
H 1.9706836639 3.1719418174 -0.3641999372 1.0
H 0.0900602616 2.1175739191 0.8187648293 1.0
H -0.67934287 -0.3453076706 -2.6181357965 1.0
P0106-mp2-popt-dd-095 21 94.9999999953 -726.847016397
P -1.7729687991 -0.016827648 0.0883581094 15.0
O -1.3228795417 -1.1788851277 0.8958818748 8.0
C -2.5562257817 1.2974260648 1.0527038338 6.0
C -3.015851366 -0.4244955717 -1.1601227488 6.0
H -3.4441767845 0.8844463964 1.5292546889 1.0
H -2.8358811012 2.1411530525 0.4244184229 1.0
H -1.8786547352 1.634655161 1.8337825716 1.0
H -2.6437173325 -1.2189242322 -1.8031742265 1.0
H -3.2865323506 0.4408155845 -1.7622470223 1.0
H -3.8972577221 -0.7972686741 -0.6403366788 1.0
C 0.8906810329 1.1086961862 -2.8241662004 6.0
C 1.702794576 2.0226537514 -2.1565025844 6.0
C 1.445539914 2.3330237084 -0.8224407651 6.0
C 0.3768404822 1.7349191993 -0.1609466542 6.0
C -0.4534719198 0.8237996261 -0.825919888 6.0
C -0.1788703292 0.5106866542 -2.1621659123 6.0
H 1.0904419739 0.8598496855 -3.857456566 1.0
H 2.5327770003 2.4871861315 -2.6708852719 1.0
H 2.077472752 3.0365680745 -0.297892471 1.0
H 0.1968303604 1.9735043305 0.87888877 1.0
H -0.7964000587 -0.2015546494 -2.6921294804 1.0
P0106-mp2-popt-dd-100 21 100.000000003 -726.847159972
P -1.7733677224 -0.0167287277 0.0872284481 15.0
O -1.3153572694 -1.1757184987 0.8947120469 8.0
C -2.5511020985 1.3001665735 1.052313902 6.0
C -3.0221824578 -0.4306454817 -1.1528068562 6.0
H -3.4289716703 0.8882307441 1.5480737715 1.0
H -2.8447450941 2.1355863686 0.4192408092 1.0
H -1.8614816382 1.6507292994 1.8169088479 1.0
H -2.6487851519 -1.2220540792 -1.7989861637 1.0
H -3.3049510271 0.432991954 -1.7517254202 1.0
H -3.8965175903 -0.810115487 -0.626017325 1.0
C 0.826773901 1.1974268381 -2.8535340251 6.0
C 1.6975754849 2.0309257153 -2.155541578 6.0
C 1.4995319395 2.2567032558 -0.7944322189 6.0
C 0.43112184 1.6548397293 -0.1364441496 6.0
C -0.4588900042 0.8259431968 -0.8317016603 6.0
C -0.2431482305 0.5956664291 -2.1949721466 6.0
H 0.9811296272 1.013523124 -3.9079968545 1.0
H 2.5277045865 2.4980090566 -2.6673775232 1.0
H 2.1779285266 2.8963511908 -0.2466364714 1.0
H 0.298209627 1.8224922434 0.9243670204 1.0
H -0.9072987237 -0.0528455674 -2.7496126258 1.0
P0106-mp2-popt-dd-105 21 105.00000002 -726.847357105
P -1.7737774652 -0.0168672635 0.0860339428 15.0
O -1.3085982724 -1.1735636478 0.8927368348 8.0
C -2.5448498603 1.3021249518 1.0534079947 6.0
C -3.0280374839 -0.4347563583 -1.1466375202 6.0
H -3.411581742 0.8910749375 1.5691113823 1.0
H -2.8533684115 2.1298965502 0.4172936905 1.0
H -1.8420855494 1.6646517706 1.800443303 1.0
H -2.651645062 -1.218934204 -1.7999981673 1.0
H -3.3248789884 0.4292261105 -1.7381499795 1.0
H -3.8942375065 -0.8251876157 -0.6144867018 1.0
C 0.7656935058 1.2891795665 -2.8741669477 6.0
C 1.6915921055 2.0403837221 -2.1542320207 6.0
C 1.5498471114 2.1788428483 -0.7743451589 6.0
C 0.4824284218 1.5722850269 -0.1195200892 6.0
C -0.4632492103 0.8272750199 -0.8363796487 6.0
C -0.303959961 0.6829280898 -2.2187777663 6.0
H 0.8770436569 1.1721257205 -3.9434931595 1.0
H 2.5212990988 2.5106871741 -2.6638072942 1.0
H 2.2717995376 2.7531866116 -0.2101124341 1.0
H 0.3936648044 1.6667485115 0.9550885805 1.0
H -1.0117388599 0.0993665234 -2.7911974622 1.0
P0106-mp2-popt-dd-110 21 110.00000001 -726.847591704
P -1.7741297533 -0.0172640892 0.0848407407 15.0
O -1.3026094149 -1.1724477296 0.890081839 8.0
C -2.5379256966 1.3031945522 1.0558141988 6.0
C -3.0334518579 -0.4369858914 -1.1415130911 6.0
H -3.3963366683 0.8940917315 1.5867750839 1.0
H -2.8566484391 2.1265742854 0.4189625948 1.0
H -1.8236027419 1.6722219813 1.7888146512 1.0
H -2.6529948755 -1.2103149911 -1.805485275 1.0
H -3.345891361 0.4289867638 -1.7219226629 1.0
H -3.890664529 -0.8417890667 -0.6055970382 1.0
C 0.7075936061 1.3832289418 -2.8862247731 6.0
C 1.6850678979 2.050997589 -2.1525166038 6.0
C 1.5966676961 2.100151419 -0.7619871624 6.0
C 0.5308348331 1.4880617023 -0.1100712799 6.0
C -0.4665622635 0.8278126224 -0.8401194216 6.0
C -0.3611963041 0.7718178035 -2.2337883221 6.0
H 0.7779333835 1.3348732571 -3.9643223402 1.0
H 2.5139271045 2.5250530748 -2.6600051514 1.0
H 2.3592268922 2.6084985262 -0.1879385251 1.0
H 0.4830005771 1.5082594201 0.971278295 1.0
H -1.1095742597 0.2537045053 -2.8173636766 1.0
P0106-mp2-popt-dd-115 21 114.999999998 -726.847849655
P -1.7744378014 -0.0177080168 0.0836652764 15.0
O -1.2972035505 -1.1720820377 0.8867768041 8.0
C -2.5312968438 1.3032006276 1.0593086806 6.0
C -3.0382464706 -0.437907893 -1.1374327704 6.0
H -3.3836552492 0.8961040463 1.6014686992 1.0
H -2.8566639393 2.1248647831 0.4235519318 1.0
H -1.8071727814 1.674537488 1.7817079381 1.0
H -2.6520911359 -1.195803605 -1.815847185 1.0
H -3.3692000884 0.4313400068 -1.7024134741 1.0
H -3.8846777391 -0.862065287 -0.5993787206 1.0
C 0.6525381564 1.4790326842 -2.8898310153 6.0
C 1.6784752129 2.0622614185 -2.1503041328 6.0
C 1.6404971649 2.0207270629 -0.757114266 6.0
C 0.576597333 1.4026519324 -0.1079071196 6.0
C -0.4690810999 0.8280623647 -0.8430137975 6.0
C -0.4150371022 0.8622453167 -2.2401400012 6.0
H 0.6841545042 1.5002866684 -3.970641078 1.0
H 2.5061812974 2.5403849853 -2.6558712719 1.0
H 2.4410572898 2.4624106988 -0.1796452557 1.0
H 0.5667593452 1.3478674759 0.9733938489 1.0
H -1.2015713129 0.4104111801 -2.8285527011 1.0
P0106-mp2-popt-dd-120 21 119.999999988 -726.84812323
P -1.7746940205 -0.0180699198 0.0826165407 15.0
O -1.2919767571 -1.1722307279 0.8828595786 8.0
C -2.5261033797 1.3018921945 1.0636132482 6.0
C -3.0421560392 -0.4379951686 -1.1344566357 6.0
H -3.3751097313 0.8963544235 1.6121888301 1.0
H -2.8544851625 2.1242771156 0.4302927218 1.0
H -1.7947323441 1.6719742906 1.7795581239 1.0
H -2.6504160404 -1.1802084773 -1.8269320442 1.0
H -3.3903510903 0.4343155675 -1.6840582551 1.0
H -3.8784338652 -0.8808886399 -0.595637585 1.0
C 0.6005419688 1.5762827003 -2.8850584232 6.0
C 1.6721801287 2.0737183699 -2.1476446514 6.0
C 1.6818158221 1.9404090174 -0.7596657705 6.0
C 0.6199089838 1.316424711 -0.1129077604 6.0
C -0.4710161989 0.8285956489 -0.8450025655 6.0
C -0.4656357166 0.9543074918 -2.2378225641 6.0
H 0.5954611848 1.6680782938 -3.9626338857 1.0
H 2.4986904046 2.5557092632 -2.6515110376 1.0
H 2.5181105663 2.3144853583 -0.1850853203 1.0
H 0.6453119106 1.1863010429 0.9617433655 1.0
H -1.2880439662 0.5694895652 -2.8248247894 1.0
P0106-mp2-popt-dd-125 21 124.999999985 -726.848409866
P -1.7749043751 -0.0181483097 0.0817994052 15.0
O -1.286773835 -1.1726064005 0.8784558636 8.0
C -2.5232553781 1.2993653925 1.068299328 6.0
C -3.0448072959 -0.4378208008 -1.1326379917 6.0
H -3.3701136494 0.8939987542 1.6203401181 1.0
H -2.8535428067 2.1232861565 0.4379226529 1.0
H -1.7869495643 1.6672822257 1.7804631529 1.0
H -2.6468101285 -1.1634391797 -1.8390347807 1.0
H -3.4100601525 0.4371458552 -1.6666171229 1.0
H -3.8710282723 -0.90001016 -0.5945049348 1.0
C 0.5517784264 1.6747112287 -2.8718789939 6.0
C 1.6665072611 2.0848467934 -2.1445940156 6.0
C 1.7208936782 1.8588401445 -0.7696839874 6.0
C 0.6608283905 1.229455406 -0.1250496235 6.0
C -0.4725753677 0.8299253159 -0.8459621188 6.0
C -0.5129977501 1.0481262039 -2.2267220829 6.0
H 0.5120891794 1.8377726053 -3.9402777719 1.0
H 2.4918734462 2.5702806406 -2.6470475415 1.0
H 2.5907381875 2.1642333312 -0.2043645488 1.0
H 0.7186752803 1.0237905078 0.9364548696 1.0
H -1.3692246205 0.7314435697 -2.806062911 1.0
P0106-mp2-popt-dd-130 21 129.999999981 -726.84871001
P -1.7750205026 -0.0179093844 0.0812741458 15.0
O -1.2815836667 -1.173113386 0.8737222795 8.0
C -2.522978581 1.2958476398 1.0729786982 6.0
C -3.0460183817 -0.437618563 -1.1319835867 6.0
H -3.3690807205 0.8894746595 1.6254683798 1.0
H -2.8537899819 2.1219361156 0.4456731928 1.0
H -1.7842366741 1.6609186898 1.7841914646 1.0
H -2.6412606768 -1.1464517615 -1.8514660524 1.0
H -3.4275657536 0.4393864877 -1.6508936251 1.0
H -3.8626748966 -0.9187998096 -0.5958733582 1.0
C 0.5065762258 1.7738954526 -2.8502418453 6.0
C 1.6615501297 2.0953514237 -2.1412004126 6.0
C 1.7575192067 1.7760780335 -0.7872427042 6.0
C 0.6990405048 1.1420305118 -0.1443570911 6.0
C -0.4738308814 0.832202864 -0.8458002572 6.0
C -0.5568702807 1.1434446051 -2.2067360623 6.0
H 0.4346581418 2.0086240909 -3.9035167971 1.0
H 2.4858011961 2.5838327458 -2.6425497507 1.0
H 2.6584793171 2.0120000547 -0.2375991851 1.0
H 0.786130848 0.8610650474 0.8976387591 1.0
H -1.4447794339 0.8960700117 -2.7720357956 1.0
P0106-mp2-popt-dd-135 21 134.999999993 -726.849025428
P -1.7750846036 -0.0173373331 0.0810878542 15.0
O -1.2763539605 -1.1735842031 0.8688665636 8.0
C -2.5253558847 1.2913914634 1.0775792871 6.0
C -3.0455884148 -0.4376610186 -1.1325691459 6.0
H -3.3738226359 0.8836392657 1.6254290954 1.0
H -2.8530352669 2.1212850918 0.4536023198 1.0
H -1.7873890038 1.6513062957 1.7922519922 1.0
H -2.6333578438 -1.13027253 -1.8635031231 1.0
H -3.4419922431 0.4405441501 -1.6380061508 1.0
H -3.8535375492 -0.936994832 -0.5998391184 1.0
C 0.4653596186 1.8733488476 -2.8201682389 6.0
C 1.6574501879 2.1047956767 -2.1376807892 6.0
C 1.791345355 1.6922889885 -0.8125143564 6.0
C 0.7340322144 1.0547326532 -0.1708304041 6.0
C -0.4748624782 0.8356769966 -0.8444023474 6.0
C -0.5969080311 1.2399985169 -2.1777777244 6.0
H 0.3638035456 2.1800736657 -3.8522920119 1.0
H 2.4808461163 2.5953836345 -2.6383997358 1.0
H 2.720832295 1.8578229386 -0.2850987634 1.0
H 0.8468004105 0.6993850339 0.8455572771 1.0
H -1.5141155384 1.0630398866 -2.7225014148 1.0
P0106-mp2-popt-dd-140 21 139.999999989 -726.849355534
P -1.7750658532 -0.0165857429 0.0812034506 15.0
O -1.2714426951 -1.1742021105 0.864027406 8.0
C -2.5297667217 1.2863228601 1.0818372718 6.0
C -3.0435376908 -0.4378408491 -1.1344158355 6.0
H -3.380184645 0.8758790304 1.6246388068 1.0
H -2.8554468191 2.1192447542 0.4607913313 1.0
H -1.7937872348 1.6425438354 1.8003839434 1.0
H -2.6240678285 -1.1175992236 -1.8732199551 1.0
H -3.4506702759 0.4407301586 -1.6304615827 1.0
H -3.845508402 -0.9511384752 -0.6058920727 1.0
C 0.428669663 1.9724604392 -2.781693199 6.0
C 1.6541056682 2.1131910464 -2.1340453464 6.0
C 1.8217352948 1.6080243484 -0.8454126618 6.0
C 0.7651975797 0.9681085103 -0.2043534775 6.0
C -0.4756431675 0.8401516796 -0.8417766396 6.0
C -0.632576486 1.3371418021 -2.1398870956 6.0
H 0.3005390446 2.3511008176 -3.7866309053 1.0
H 2.4767603863 2.6052720722 -2.634540678 1.0
H 2.7765385622 1.7031370254 -0.3465774439 1.0
H 0.8995684137 0.5401303279 0.7807956641 1.0
H -1.5762191612 1.2312849053 -2.6574689097 1.0
P0106-mp2-popt-dd-145 21 144.999999997 -726.849698001
P -1.7749539059 -0.015753481 0.0816156358 15.0
O -1.2670956616 -1.1750463468 0.8593842214 8.0
C -2.535788455 1.2807972579 1.0856815782 6.0
C -3.0398079847 -0.4380364387 -1.1375836509 6.0
H -3.3885236527 0.8669741634 1.6222387418 1.0
H -2.8593955923 2.1165486718 0.4672887988 1.0
H -1.8031162219 1.6338115961 1.8091224769 1.0
H -2.6134209401 -1.10938332 -1.8800649844 1.0
H -3.4524733897 0.4403326184 -1.6292627994 1.0
H -3.8392991468 -0.960165763 -0.6139264699 1.0
C 0.3969414134 2.0704712513 -2.7350119382 6.0
C 1.6513894223 2.1204470873 -2.1305170201 6.0
C 1.8480866381 1.524009968 -0.8858957096 6.0
C 0.7920348303 0.8828948919 -0.2447123382 6.0
C -0.4761102985 0.8454728067 -0.8378748259 6.0
C -0.6633803908 1.4341053646 -2.0931350872 6.0
H 0.2456723404 2.5204920235 -3.7067599843 1.0
H 2.4733857697 2.6133492005 -2.6313090496 1.0
H 2.8246053774 1.5492313145 -0.4218669172 1.0
H 0.9437678448 0.3848193422 0.7041549353 1.0
H -1.6301779902 1.3996449408 -2.5768875966 1.0
P0106-mp2-popt-dd-150 21 149.999999999 -726.850048967
P -1.774738068 -0.0149612915 0.0823137237 15.0
O -1.2635562458 -1.1762166343 0.8551081435 8.0
C -2.5429372059 1.2750070049 1.0890177018 6.0
C -3.0343565988 -0.4379637134 -1.1421832517 6.0
H -3.398188081 0.8573732923 1.6185506569 1.0
H -2.8644762871 2.1133794731 0.4730314528 1.0
H -1.8145322053 1.6252378187 1.8180274489 1.0
H -2.601626008 -1.1063671911 -1.8836061435 1.0
H -3.446107296 0.4399939876 -1.635259941 1.0
H -3.835744384 -0.9627163029 -0.6240292168 1.0
C 0.3705348802 2.1665463471 -2.6804205064 6.0
C 1.6490712436 2.126604332 -2.1272753952 6.0
C 1.8698021424 1.4410581577 -0.9337832857 6.0
C 0.8141277055 0.7997942033 -0.2915720505 6.0
C -0.4761811427 0.8513867571 -0.832671408 6.0
C -0.6888432845 1.5299493194 -2.0376996544 6.0
H 0.1999249702 2.6868676132 -3.6130836567 1.0
H 2.4703967539 2.6197622478 -2.6289373087 1.0
H 2.8640604034 1.3976801403 -0.5105484516 1.0
H 0.9789791806 0.2347975169 0.6166167839 1.0
H -1.6750263153 1.5665060423 -2.4809285728 1.0
P0106-mp2-popt-dd-155 21 155.000000003 -726.850401302
P -1.7743928257 -0.0143159139 0.0832271121 15.0
O -1.2611755096 -1.1778378735 0.8513664073 8.0
C -2.5506417438 1.2691206864 1.0918277696 6.0
C -3.0273416248 -0.4371382856 -1.1482402242 6.0
H -3.408576518 0.8475110866 1.6137723071 1.0
H -2.8700512694 2.1099856637 0.4780756477 1.0
H -1.8271863589 1.6168398292 1.8268612269 1.0
H -2.5892093535 -1.1082242405 -1.884022011 1.0
H -3.4311313283 0.440568987 -1.6482566029 1.0
H -3.8352224911 -0.9580503394 -0.6363026248 1.0
C 0.34972339 2.2597393514 -2.6183664517 6.0
C 1.6468740501 2.131900361 -2.1244268814 6.0
C 1.8863697124 1.3602500724 -0.988677641 6.0
C 0.8312448291 0.7195066637 -0.3444810222 6.0
C -0.4756810061 0.8574139563 -0.8262445792 6.0
C -0.7084950114 1.6234131234 -1.9739788576 6.0
H 0.1638769588 2.8485478157 -3.5063249351 1.0
H 2.4673383218 2.6250164241 -2.627559854 1.0
H 2.8940740475 1.250389409 -0.6118067004 1.0
H 1.0052343926 0.091284037 0.519280201 1.0
H -1.7098274719 1.7296402445 -2.3701302661 1.0
P0106-mp2-popt-dd-160 21 160.000000001 -726.850742601
P -1.7739515534 -0.0139794737 0.0842310021 15.0
O -1.260221544 -1.1799984161 0.8482981741 8.0
C -2.5579594462 1.2633926339 1.0942380671 6.0
C -3.0192154884 -0.435012456 -1.1556567345 6.0
H -3.4185755602 0.8379463702 1.6085472917 1.0
H -2.8752528589 2.1068181923 0.4828816861 1.0
H -1.8395064068 1.6084415684 1.8353285375 1.0
H -2.5770238606 -1.1134300316 -1.8822329533 1.0
H -3.4084718181 0.4429895619 -1.6666262554 1.0
H -3.8376780249 -0.9463445284 -0.6509095576 1.0
C 0.3347640395 2.3490271139 -2.5495363013 6.0
C 1.6445712142 2.1367663641 -2.1218003291 6.0
C 1.8973533372 1.2828085139 -1.0497732891 6.0
C 0.8431509569 0.6427560866 -0.4028502665 6.0
C -0.4745394311 0.8629250312 -0.8189926343 6.0
C -0.7219523646 1.7130300914 -1.9028586355 6.0
H 0.1380662229 3.0037802319 -3.3875776788 1.0
H 2.463909308 2.6299073372 -2.6267588989 1.0
H 2.913982239 1.1096437127 -0.7241146458 1.0
H 1.0225599315 -0.044578898 0.4134128911 1.0
H -1.7337365319 1.8861283945 -2.2461460998 1.0
P0106-mp2-popt-dd-165 21 164.999999998 -726.851053147
P -1.7734397419 -0.014058101 0.0851076259 15.0
O -1.260696325 -1.1826631036 0.845901898 8.0
C -2.5640596979 1.2579434944 1.0964941171 6.0
C -3.0109044162 -0.4311114784 -1.1639277031 6.0
H -3.4269801031 0.8288105313 1.6037756384 1.0
H -2.87969052 2.1040506485 0.4880299328 1.0
H -1.8500500194 1.6000415521 1.8431471919 1.0
H -2.5664472333 -1.1193499964 -1.8798443957 1.0
H -3.3809689288 0.4480984504 -1.6871257712 1.0
H -3.8424031237 -0.9291763293 -0.6672973071 1.0
C 0.325930579 2.4334342919 -2.4748206933 6.0
C 1.6421664163 2.141670427 -2.1189698815 6.0
C 1.9025674501 1.2099425614 -1.1158755394 6.0
C 0.8497141297 0.5701820103 -0.4660174284 6.0
C -0.4728153407 0.8673015578 -0.8116183716 6.0
C -0.7289590145 1.7973524105 -1.8256958925 6.0
H 0.1230183053 3.1507772171 -3.2583702469 1.0
H 2.4601508687 2.635275091 -2.62568153 1.0
H 2.9235300326 0.977576398 -0.8452881792 1.0
H 1.0310869803 -0.1719407623 0.3002753801 1.0
H -1.7462458279 2.0330936964 -2.1115858116 1.0
P0106-mp2-popt-dd-170 21 170.000000015 -726.85130622
P -1.7729844392 -0.0145084945 0.0856149026 15.0
O -1.2620475242 -1.1855423133 0.8438766125 8.0
C -2.5685768948 1.2526192571 1.0990560816 6.0
C -3.003605221 -0.4255584796 -1.1721688368 6.0
H -3.4321068658 0.8191583052 1.6015520235 1.0
H -2.8849556674 2.1009610206 0.4942376336 1.0
H -1.8575642564 1.5925033803 1.8494990294 1.0
H -2.5586325727 -1.1231579687 -1.8787020259 1.0
H -3.3533502496 0.4559579527 -1.7056751181 1.0
H -3.8481104536 -0.9098777625 -0.6839827488 1.0
C 0.3237085219 2.5122418591 -2.3952456978 6.0
C 1.6400964879 2.1468251287 -2.1153639516 6.0
C 1.9020877919 1.1423764094 -1.1856345928 6.0
C 0.8507104256 0.5023167068 -0.5333279253 6.0
C -0.470865167 0.8703814088 -0.8049974395 6.0
C -0.7293638786 1.8755348973 -1.7441427433 6.0
H 0.1195262029 3.2882146213 -3.1204206659 1.0
H 2.4567817557 2.6414339163 -2.6232038034 1.0
H 2.922823902 0.8554063784 -0.9727421727 1.0
H 1.030700352 -0.2902587012 0.1809937902 1.0
H -1.7471547642 2.1687230426 -1.9698024839 1.0
P0106-mp2-popt-dd-175 21 174.999999996 -726.851472547
P -1.7726874983 -0.0151459364 0.0856372582 15.0
O -1.2635009369 -1.1882416672 0.8418677967 8.0
C -2.5718705533 1.2470321458 1.1023546212 6.0
C -2.9979983387 -0.4191072221 -1.1796143922 6.0
H -3.4349720196 0.8085227634 1.6011692005 1.0
H -2.8905985993 2.0978278699 0.5024787396 1.0
H -1.8628580859 1.5843213055 1.8557892732 1.0
H -2.5536927204 -1.1238785253 -1.8794887542 1.0
H -3.3292413808 0.4655987421 -1.7200026223 1.0
H -3.8537289967 -0.8915603273 -0.6994377037 1.0
C 0.328542353 2.5851097127 -2.3117030099 6.0
C 1.6389251292 2.1519975587 -2.1107353816 6.0
C 1.8961272481 1.0802487892 -1.2580582942 6.0
C 0.8459120953 0.4395574752 -0.604283336 6.0
C -0.4691746319 0.8726591637 -0.7996320551 6.0
C -0.7231826185 1.9475358392 -1.6595041389 6.0
H 0.1282555419 3.415273128 -2.9753389931 1.0
H 2.4547030205 2.6478463423 -2.6188300278 1.0
H 2.91218804 0.7430674769 -1.1047412182 1.0
H 1.0210129834 -0.3993648802 0.0563063567 1.0
H -1.7365718858 2.2931896819 -1.8231226362 1.0
P0106-mp2-popt-dd-180 21 180.000000854 -726.851530684
P -1.7726749909 -0.0156710119 0.0852332953 15.0
O -1.2644167566 -1.190447375 0.8394697296 8.0
C -2.5749015306 1.2406617029 1.1067399452 6.0
C -2.9940918128 -0.4126809815 -1.1859632565 6.0
H -3.4341300465 0.7945697637 1.6055124139 1.0
H -2.9013851626 2.0923716929 0.5126888898 1.0
H -1.866082111 1.5780925154 1.8602280638 1.0
H -2.5503805824 -1.1209126635 -1.8827819049 1.0
H -3.3113817919 0.4757781963 -1.7289779817 1.0
H -3.857954178 -0.8774740977 -0.712935459 1.0
C 0.3408888 2.6518905719 -2.2248595226 6.0
C 1.6392134595 2.1567014326 -2.1051452264 6.0
C 1.8848844759 1.0232245544 -1.3326809209 6.0
C 0.8350870279 0.3822066059 -0.6784703659 6.0
C -0.4681539473 0.8749769865 -0.7955473674 6.0
C -0.7103829808 2.0138093696 -1.5725026623 6.0
H 0.1498701101 3.5316007952 -2.8242937041 1.0
H 2.4547666205 2.6535813833 -2.6125956829 1.0
H 2.8918475769 0.6397432886 -1.2402531082 1.0
H 1.0017662333 -0.4991900576 -0.0733376387 1.0
H -1.7145080219 2.4075352531 -1.6728625211 1.0
