     0.000      0.000      0.000
     5.000      0.031      0.025
    10.000      0.122      0.101
    15.000      0.265      0.222
    20.000      0.448      0.382
    25.000      0.657      0.574
    30.000      0.880      0.790
    35.000      1.109      1.024
    40.000      1.339      1.269
    45.000      1.565      1.521
    50.000      1.785      1.775
    55.000      1.997      2.023
    60.000      2.201      2.259
    65.000      2.393      2.471
    70.000      2.567      2.649
    75.000      2.713      2.784
    80.000      2.818      2.869
    85.000      2.875      2.901
    90.000      2.880      2.883
    95.000      2.833      2.819
   100.000      2.743      2.717
   105.000      2.619      2.585
   110.000      2.472      2.431
   115.000      2.310      2.261
   120.000      2.138      2.078
   125.000      1.958      1.887
   130.000      1.770      1.688
   135.000      1.572      1.484
   140.000      1.365      1.276
   145.000      1.150      1.066
   150.000      0.930      0.855
   155.000      0.709      0.648
   160.000      0.495      0.450
   165.000      0.300      0.273
   170.000      0.141      0.128
   175.000      0.037      0.033
   180.000      0.000      0.000
   185.000      0.037      0.033
   190.000      0.141      0.128
   195.000      0.300      0.273
   200.000      0.495      0.450
   205.000      0.709      0.648
   210.000      0.930      0.855
   215.000      1.150      1.066
   220.000      1.365      1.276
   225.000      1.572      1.484
   230.000      1.770      1.688
   235.000      1.958      1.887
   240.000      2.138      2.078
   245.000      2.310      2.261
   250.000      2.472      2.431
   255.000      2.619      2.585
   260.000      2.743      2.717
   265.000      2.833      2.819
   270.000      2.880      2.883
   275.000      2.875      2.901
   280.000      2.818      2.869
   285.000      2.713      2.784
   290.000      2.567      2.649
   295.000      2.393      2.471
   300.000      2.201      2.259
   305.000      1.997      2.023
   310.000      1.785      1.775
   315.000      1.565      1.521
   320.000      1.339      1.269
   325.000      1.109      1.024
   330.000      0.880      0.790
   335.000      0.657      0.574
   340.000      0.448      0.382
   345.000      0.265      0.222
   350.000      0.122      0.101
   355.000      0.031      0.025
   360.000      0.000      0.000
