     0.000      0.000      0.000
     5.000      0.031      0.024
    10.000      0.122      0.095
    15.000      0.265      0.209
    20.000      0.448      0.359
    25.000      0.657      0.539
    30.000      0.880      0.742
    35.000      1.109      0.966
    40.000      1.339      1.206
    45.000      1.565      1.463
    50.000      1.785      1.734
    55.000      1.997      2.015
    60.000      2.201      2.300
    65.000      2.393      2.577
    70.000      2.567      2.830
    75.000      2.713      3.040
    80.000      2.818      3.191
    85.000      2.875      3.273
    90.000      2.880      3.281
    95.000      2.833      3.219
   100.000      2.743      3.095
   105.000      2.619      2.921
   110.000      2.472      2.712
   115.000      2.310      2.482
   120.000      2.138      2.242
   125.000      1.958      2.000
   130.000      1.770      1.759
   135.000      1.572      1.524
   140.000      1.365      1.293
   145.000      1.150      1.069
   150.000      0.930      0.852
   155.000      0.709      0.642
   160.000      0.495      0.445
   165.000      0.300      0.269
   170.000      0.141      0.127
   175.000      0.037      0.033
   180.000      0.000      0.000
   185.000      0.037      0.033
   190.000      0.141      0.127
   195.000      0.300      0.269
   200.000      0.495      0.445
   205.000      0.709      0.642
   210.000      0.930      0.852
   215.000      1.150      1.069
   220.000      1.365      1.293
   225.000      1.572      1.524
   230.000      1.770      1.759
   235.000      1.958      2.000
   240.000      2.138      2.242
   245.000      2.310      2.482
   250.000      2.472      2.712
   255.000      2.619      2.921
   260.000      2.743      3.095
   265.000      2.833      3.219
   270.000      2.880      3.281
   275.000      2.875      3.273
   280.000      2.818      3.191
   285.000      2.713      3.040
   290.000      2.567      2.830
   295.000      2.393      2.577
   300.000      2.201      2.300
   305.000      1.997      2.015
   310.000      1.785      1.734
   315.000      1.565      1.463
   320.000      1.339      1.206
   325.000      1.109      0.966
   330.000      0.880      0.742
   335.000      0.657      0.539
   340.000      0.448      0.359
   345.000      0.265      0.209
   350.000      0.122      0.095
   355.000      0.031      0.024
   360.000      0.000      0.000
