1 3 2
161.95 194.35 3.59
11
ang_var0 15 161.955437772 -565.5740088931
La -0.990398992955 1.17049531156 -3.87823478 57.0
P -0.0204923031 0.1662373508 0.2671250090 15.0
O -0.0823048261 0.5504782707 -1.4458903990 8.0
C -1.4699841992 0.8786931146 1.0028018844 6.0
C 1.4720346527 0.8889819841 0.8995361966 6.0
C -0.0095623237 -1.6040426971 0.3938877622 6.0
H -1.4717328660 1.9615261856 0.8894304864 1.0
H -1.4332516029 0.6424903370 2.0706944083 1.0
H -2.3743787880 0.4409879806 0.5836513694 1.0
H 2.3481031413 0.4570148819 0.4187059148 1.0
H 1.5112204520 0.6524201130 1.9672792205 1.0
H 1.4587975115 1.9717356589 0.7866771939 1.0
H 0.8726281760 -2.0232340423 -0.0871795433 1.0
H -0.9209438254 -2.0300891851 -0.0223114425 1.0
H 0.0299478650 -1.8453895216 1.4604579161 1.0
ang_var1 15 165.554447501 -565.5751609803
La -0.831734708436 1.16805381294 -3.9323156715 57.0
P -0.0204923031 0.1662373508 0.2671250090 15.0
O -0.0823048261 0.5504782707 -1.4458903990 8.0
C -1.4699841992 0.8786931146 1.0028018844 6.0
C 1.4720346527 0.8889819841 0.8995361966 6.0
C -0.0095623237 -1.6040426971 0.3938877622 6.0
H -1.4717328660 1.9615261856 0.8894304864 1.0
H -1.4332516029 0.6424903370 2.0706944083 1.0
H -2.3743787880 0.4409879806 0.5836513694 1.0
H 2.3481031413 0.4570148819 0.4187059148 1.0
H 1.5112204520 0.6524201130 1.9672792205 1.0
H 1.4587975115 1.9717356589 0.7866771939 1.0
H 0.8726281760 -2.0232340423 -0.0871795433 1.0
H -0.9209438254 -2.0300891851 -0.0223114425 1.0
H 0.0299478650 -1.8453895216 1.4604579161 1.0
ang_var2 15 169.153457229 -565.5760448945
La -0.670114392952 1.16317636605 -3.97658917438 57.0
P -0.0204923031 0.1662373508 0.2671250090 15.0
O -0.0823048261 0.5504782707 -1.4458903990 8.0
C -1.4699841992 0.8786931146 1.0028018844 6.0
C 1.4720346527 0.8889819841 0.8995361966 6.0
C -0.0095623237 -1.6040426971 0.3938877622 6.0
H -1.4717328660 1.9615261856 0.8894304864 1.0
H -1.4332516029 0.6424903370 2.0706944083 1.0
H -2.3743787880 0.4409879806 0.5836513694 1.0
H 2.3481031413 0.4570148819 0.4187059148 1.0
H 1.5112204520 0.6524201130 1.9672792205 1.0
H 1.4587975115 1.9717356589 0.7866771939 1.0
H 0.8726281760 -2.0232340423 -0.0871795433 1.0
H -0.9209438254 -2.0300891851 -0.0223114425 1.0
H 0.0299478650 -1.8453895216 1.4604579161 1.0
ang_var3 15 172.752466957 -565.5766688603
La -0.506175537306 1.15588220936 -4.01088065743 57.0
P -0.0204923031 0.1662373508 0.2671250090 15.0
O -0.0823048261 0.5504782707 -1.4458903990 8.0
C -1.4699841992 0.8786931146 1.0028018844 6.0
C 1.4720346527 0.8889819841 0.8995361966 6.0
C -0.0095623237 -1.6040426971 0.3938877622 6.0
H -1.4717328660 1.9615261856 0.8894304864 1.0
H -1.4332516029 0.6424903370 2.0706944083 1.0
H -2.3743787880 0.4409879806 0.5836513694 1.0
H 2.3481031413 0.4570148819 0.4187059148 1.0
H 1.5112204520 0.6524201130 1.9672792205 1.0
H 1.4587975115 1.9717356589 0.7866771939 1.0
H 0.8726281760 -2.0232340423 -0.0871795433 1.0
H -0.9209438254 -2.0300891851 -0.0223114425 1.0
H 0.0299478650 -1.8453895216 1.4604579161 1.0
ang_var4 15 176.351476686 -565.5770391718
La -0.340564777488 1.14620011375 -4.03505486227 57.0
P -0.0204923031 0.1662373508 0.2671250090 15.0
O -0.0823048261 0.5504782707 -1.4458903990 8.0
C -1.4699841992 0.8786931146 1.0028018844 6.0
C 1.4720346527 0.8889819841 0.8995361966 6.0
C -0.0095623237 -1.6040426971 0.3938877622 6.0
H -1.4717328660 1.9615261856 0.8894304864 1.0
H -1.4332516029 0.6424903370 2.0706944083 1.0
H -2.3743787880 0.4409879806 0.5836513694 1.0
H 2.3481031413 0.4570148819 0.4187059148 1.0
H 1.5112204520 0.6524201130 1.9672792205 1.0
H 1.4587975115 1.9717356589 0.7866771939 1.0
H 0.8726281760 -2.0232340423 -0.0871795433 1.0
H -0.9209438254 -2.0300891851 -0.0223114425 1.0
H 0.0299478650 -1.8453895216 1.4604579161 1.0
ang_var5 15 179.950486414 -565.5771600282
La -0.1739353441 1.134168269 -4.0490164368 57.0
P -0.0204923031 0.1662373508 0.2671250090 15.0
O -0.0823048261 0.5504782707 -1.4458903990 8.0
C -1.4699841992 0.8786931146 1.0028018844 6.0
C 1.4720346527 0.8889819841 0.8995361966 6.0
C -0.0095623237 -1.6040426971 0.3938877622 6.0
H -1.4717328660 1.9615261856 0.8894304864 1.0
H -1.4332516029 0.6424903370 2.0706944083 1.0
H -2.3743787880 0.4409879806 0.5836513694 1.0
H 2.3481031413 0.4570148819 0.4187059148 1.0
H 1.5112204520 0.6524201130 1.9672792205 1.0
H 1.4587975115 1.9717356589 0.7866771939 1.0
H 0.8726281760 -2.0232340423 -0.0871795433 1.0
H -0.9209438254 -2.0300891851 -0.0223114425 1.0
H 0.0299478650 -1.8453895216 1.4604579161 1.0
ang_var6 15 183.549496142 -565.5770327910
La -0.00694448577479 1.11983413321 -4.05271031137 57.0
P -0.0204923031 0.1662373508 0.2671250090 15.0
O -0.0823048261 0.5504782707 -1.4458903990 8.0
C -1.4699841992 0.8786931146 1.0028018844 6.0
C 1.4720346527 0.8889819841 0.8995361966 6.0
C -0.0095623237 -1.6040426971 0.3938877622 6.0
H -1.4717328660 1.9615261856 0.8894304864 1.0
H -1.4332516029 0.6424903370 2.0706944083 1.0
H -2.3743787880 0.4409879806 0.5836513694 1.0
H 2.3481031413 0.4570148819 0.4187059148 1.0
H 1.5112204520 0.6524201130 1.9672792205 1.0
H 1.4587975115 1.9717356589 0.7866771939 1.0
H 0.8726281760 -2.0232340423 -0.0871795433 1.0
H -0.9209438254 -2.0300891851 -0.0223114425 1.0
H 0.0299478650 -1.8453895216 1.4604579161 1.0
ang_var7 15 187.14850587 -565.5766558541
La 0.159749123262 1.10325424554 -4.04612191597 57.0
P -0.0204923031 0.1662373508 0.2671250090 15.0
O -0.0823048261 0.5504782707 -1.4458903990 8.0
C -1.4699841992 0.8786931146 1.0028018844 6.0
C 1.4720346527 0.8889819841 0.8995361966 6.0
C -0.0095623237 -1.6040426971 0.3938877622 6.0
H -1.4717328660 1.9615261856 0.8894304864 1.0
H -1.4332516029 0.6424903370 2.0706944083 1.0
H -2.3743787880 0.4409879806 0.5836513694 1.0
H 2.3481031413 0.4570148819 0.4187059148 1.0
H 1.5112204520 0.6524201130 1.9672792205 1.0
H 1.4587975115 1.9717356589 0.7866771939 1.0
H 0.8726281760 -2.0232340423 -0.0871795433 1.0
H -0.9209438254 -2.0300891851 -0.0223114425 1.0
H 0.0299478650 -1.8453895216 1.4604579161 1.0
ang_var8 15 190.747515599 -565.5760247449
La 0.325487981245 1.08449400327 -4.02927723768 57.0
P -0.0204923031 0.1662373508 0.2671250090 15.0
O -0.0823048261 0.5504782707 -1.4458903990 8.0
C -1.4699841992 0.8786931146 1.0028018844 6.0
C 1.4720346527 0.8889819841 0.8995361966 6.0
C -0.0095623237 -1.6040426971 0.3938877622 6.0
H -1.4717328660 1.9615261856 0.8894304864 1.0
H -1.4332516029 0.6424903370 2.0706944083 1.0
H -2.3743787880 0.4409879806 0.5836513694 1.0
H 2.3481031413 0.4570148819 0.4187059148 1.0
H 1.5112204520 0.6524201130 1.9672792205 1.0
H 1.4587975115 1.9717356589 0.7866771939 1.0
H 0.8726281760 -2.0232340423 -0.0871795433 1.0
H -0.9209438254 -2.0300891851 -0.0223114425 1.0
H 0.0299478650 -1.8453895216 1.4604579161 1.0
ang_var9 15 194.346525327 -565.5751328343
La 0.489618352305 1.06362740378 -4.00224271819 57.0
P -0.0204923031 0.1662373508 0.2671250090 15.0
O -0.0823048261 0.5504782707 -1.4458903990 8.0
C -1.4699841992 0.8786931146 1.0028018844 6.0
C 1.4720346527 0.8889819841 0.8995361966 6.0
C -0.0095623237 -1.6040426971 0.3938877622 6.0
H -1.4717328660 1.9615261856 0.8894304864 1.0
H -1.4332516029 0.6424903370 2.0706944083 1.0
H -2.3743787880 0.4409879806 0.5836513694 1.0
H 2.3481031413 0.4570148819 0.4187059148 1.0
H 1.5112204520 0.6524201130 1.9672792205 1.0
H 1.4587975115 1.9717356589 0.7866771939 1.0
H 0.8726281760 -2.0232340423 -0.0871795433 1.0
H -0.9209438254 -2.0300891851 -0.0223114425 1.0
H 0.0299478650 -1.8453895216 1.4604579161 1.0
ang_var10 15 197.945535055 -565.5739714643
La 0.651492845045 1.04073675273 -3.96512499174 57.0
P -0.0204923031 0.1662373508 0.2671250090 15.0
O -0.0823048261 0.5504782707 -1.4458903990 8.0
C -1.4699841992 0.8786931146 1.0028018844 6.0
C 1.4720346527 0.8889819841 0.8995361966 6.0
C -0.0095623237 -1.6040426971 0.3938877622 6.0
H -1.4717328660 1.9615261856 0.8894304864 1.0
H -1.4332516029 0.6424903370 2.0706944083 1.0
H -2.3743787880 0.4409879806 0.5836513694 1.0
H 2.3481031413 0.4570148819 0.4187059148 1.0
H 1.5112204520 0.6524201130 1.9672792205 1.0
H 1.4587975115 1.9717356589 0.7866771939 1.0
H 0.8726281760 -2.0232340423 -0.0871795433 1.0
H -0.9209438254 -2.0300891851 -0.0223114425 1.0
H 0.0299478650 -1.8453895216 1.4604579161 1.0
