1 3
2.56 3 0 
8
bnd_var3 15 2.56256267755 -565.5762652405
La -0.17027012338 1.11082066907 -3.94489139529 57.0
P -0.0204923031 0.1662373508 0.2671250090 15.0
O -0.0823048261 0.5504782707 -1.4458903990 8.0
C -1.4699841992 0.8786931146 1.0028018844 6.0
C 1.4720346527 0.8889819841 0.8995361966 6.0
C -0.0095623237 -1.6040426971 0.3938877622 6.0
H -1.4717328660 1.9615261856 0.8894304864 1.0
H -1.4332516029 0.6424903370 2.0706944083 1.0
H -2.3743787880 0.4409879806 0.5836513694 1.0
H 2.3481031413 0.4570148819 0.4187059148 1.0
H 1.5112204520 0.6524201130 1.9672792205 1.0
H 1.4587975115 1.9717356589 0.7866771939 1.0
H 0.8726281760 -2.0232340423 -0.0871795433 1.0
H -0.9209438254 -2.0300891851 -0.0223114425 1.0
H 0.0299478650 -1.8453895216 1.4604579161 1.0
bnd_var4 15 2.6159494 -565.5765661132
La -0.17210273374 1.12249446903 -3.99695391604 57.0
P -0.0204923031 0.1662373508 0.2671250090 15.0
O -0.0823048261 0.5504782707 -1.4458903990 8.0
C -1.4699841992 0.8786931146 1.0028018844 6.0
C 1.4720346527 0.8889819841 0.8995361966 6.0
C -0.0095623237 -1.6040426971 0.3938877622 6.0
H -1.4717328660 1.9615261856 0.8894304864 1.0
H -1.4332516029 0.6424903370 2.0706944083 1.0
H -2.3743787880 0.4409879806 0.5836513694 1.0
H 2.3481031413 0.4570148819 0.4187059148 1.0
H 1.5112204520 0.6524201130 1.9672792205 1.0
H 1.4587975115 1.9717356589 0.7866771939 1.0
H 0.8726281760 -2.0232340423 -0.0871795433 1.0
H -0.9209438254 -2.0300891851 -0.0223114425 1.0
H 0.0299478650 -1.8453895216 1.4604579161 1.0
bnd_var5 15 2.66933612245 -565.5771600282
La -0.1739353441 1.134168269 -4.0490164368 57.0
P -0.0204923031 0.1662373508 0.2671250090 15.0
O -0.0823048261 0.5504782707 -1.4458903990 8.0
C -1.4699841992 0.8786931146 1.0028018844 6.0
C 1.4720346527 0.8889819841 0.8995361966 6.0
C -0.0095623237 -1.6040426971 0.3938877622 6.0
H -1.4717328660 1.9615261856 0.8894304864 1.0
H -1.4332516029 0.6424903370 2.0706944083 1.0
H -2.3743787880 0.4409879806 0.5836513694 1.0
H 2.3481031413 0.4570148819 0.4187059148 1.0
H 1.5112204520 0.6524201130 1.9672792205 1.0
H 1.4587975115 1.9717356589 0.7866771939 1.0
H 0.8726281760 -2.0232340423 -0.0871795433 1.0
H -0.9209438254 -2.0300891851 -0.0223114425 1.0
H 0.0299478650 -1.8453895216 1.4604579161 1.0
bnd_var6 15 2.7227228449 -565.5760372819
La -0.17576795446 1.14584206897 -4.10107895756 57.0
P -0.0204923031 0.1662373508 0.2671250090 15.0
O -0.0823048261 0.5504782707 -1.4458903990 8.0
C -1.4699841992 0.8786931146 1.0028018844 6.0
C 1.4720346527 0.8889819841 0.8995361966 6.0
C -0.0095623237 -1.6040426971 0.3938877622 6.0
H -1.4717328660 1.9615261856 0.8894304864 1.0
H -1.4332516029 0.6424903370 2.0706944083 1.0
H -2.3743787880 0.4409879806 0.5836513694 1.0
H 2.3481031413 0.4570148819 0.4187059148 1.0
H 1.5112204520 0.6524201130 1.9672792205 1.0
H 1.4587975115 1.9717356589 0.7866771939 1.0
H 0.8726281760 -2.0232340423 -0.0871795433 1.0
H -0.9209438254 -2.0300891851 -0.0223114425 1.0
H 0.0299478650 -1.8453895216 1.4604579161 1.0
bnd_var7 15 2.77610956735 -565.5725111444
La -0.17760056482 1.15751586893 -4.15314147831 57.0
P -0.0204923031 0.1662373508 0.2671250090 15.0
O -0.0823048261 0.5504782707 -1.4458903990 8.0
C -1.4699841992 0.8786931146 1.0028018844 6.0
C 1.4720346527 0.8889819841 0.8995361966 6.0
C -0.0095623237 -1.6040426971 0.3938877622 6.0
H -1.4717328660 1.9615261856 0.8894304864 1.0
H -1.4332516029 0.6424903370 2.0706944083 1.0
H -2.3743787880 0.4409879806 0.5836513694 1.0
H 2.3481031413 0.4570148819 0.4187059148 1.0
H 1.5112204520 0.6524201130 1.9672792205 1.0
H 1.4587975115 1.9717356589 0.7866771939 1.0
H 0.8726281760 -2.0232340423 -0.0871795433 1.0
H -0.9209438254 -2.0300891851 -0.0223114425 1.0
H 0.0299478650 -1.8453895216 1.4604579161 1.0
bnd_var8 15 2.8294962898 -565.5671374847
La -0.17943317518 1.1691896689 -4.20520399907 57.0
P -0.0204923031 0.1662373508 0.2671250090 15.0
O -0.0823048261 0.5504782707 -1.4458903990 8.0
C -1.4699841992 0.8786931146 1.0028018844 6.0
C 1.4720346527 0.8889819841 0.8995361966 6.0
C -0.0095623237 -1.6040426971 0.3938877622 6.0
H -1.4717328660 1.9615261856 0.8894304864 1.0
H -1.4332516029 0.6424903370 2.0706944083 1.0
H -2.3743787880 0.4409879806 0.5836513694 1.0
H 2.3481031413 0.4570148819 0.4187059148 1.0
H 1.5112204520 0.6524201130 1.9672792205 1.0
H 1.4587975115 1.9717356589 0.7866771939 1.0
H 0.8726281760 -2.0232340423 -0.0871795433 1.0
H -0.9209438254 -2.0300891851 -0.0223114425 1.0
H 0.0299478650 -1.8453895216 1.4604579161 1.0
bnd_var9 15 2.88288301225 -565.5606966058
La -0.18126578554 1.18086346886 -4.25726651982 57.0
P -0.0204923031 0.1662373508 0.2671250090 15.0
O -0.0823048261 0.5504782707 -1.4458903990 8.0
C -1.4699841992 0.8786931146 1.0028018844 6.0
C 1.4720346527 0.8889819841 0.8995361966 6.0
C -0.0095623237 -1.6040426971 0.3938877622 6.0
H -1.4717328660 1.9615261856 0.8894304864 1.0
H -1.4332516029 0.6424903370 2.0706944083 1.0
H -2.3743787880 0.4409879806 0.5836513694 1.0
H 2.3481031413 0.4570148819 0.4187059148 1.0
H 1.5112204520 0.6524201130 1.9672792205 1.0
H 1.4587975115 1.9717356589 0.7866771939 1.0
H 0.8726281760 -2.0232340423 -0.0871795433 1.0
H -0.9209438254 -2.0300891851 -0.0223114425 1.0
H 0.0299478650 -1.8453895216 1.4604579161 1.0
bnd_var10 15 2.9362697347 -565.5537483888
La -0.1830983959 1.19253726883 -4.30932904058 57.0
P -0.0204923031 0.1662373508 0.2671250090 15.0
O -0.0823048261 0.5504782707 -1.4458903990 8.0
C -1.4699841992 0.8786931146 1.0028018844 6.0
C 1.4720346527 0.8889819841 0.8995361966 6.0
C -0.0095623237 -1.6040426971 0.3938877622 6.0
H -1.4717328660 1.9615261856 0.8894304864 1.0
H -1.4332516029 0.6424903370 2.0706944083 1.0
H -2.3743787880 0.4409879806 0.5836513694 1.0
H 2.3481031413 0.4570148819 0.4187059148 1.0
H 1.5112204520 0.6524201130 1.9672792205 1.0
H 1.4587975115 1.9717356589 0.7866771939 1.0
H 0.8726281760 -2.0232340423 -0.0871795433 1.0
H -0.9209438254 -2.0300891851 -0.0223114425 1.0
H 0.0299478650 -1.8453895216 1.4604579161 1.0
