13 4 0 1
0 180 5
37
P0101-mp2-popt-dd-000 14 0.0 -535.522852527
P 5.1022e-06 0.0005674437 -0.1181770278 15.0
O -2.60065e-05 0.0119143935 -1.6029678462 8.0
C -1.4254283502 0.8257987364 0.6280293868 6.0
C 1.4223595511 0.831090711 0.6280310535 6.0
C 0.0030854906 -1.6689526674 0.6111516469 6.0
H -1.4484463381 1.8629598082 0.2991707716 1.0
H -1.3816600748 0.7903384883 1.7155309786 1.0
H -2.3350443338 0.3341941097 0.2877809214 1.0
H 2.3337927478 0.3428916375 0.2877429578 1.0
H 1.3787297379 0.7954086591 1.715530576 1.0
H 1.4414877771 1.8683440488 0.2992164717 1.0
H -0.8806506871 -1.8391220985 1.2223984586 1.0
H 0.8874550002 -1.8358690914 1.2223805727 1.0
H 0.0043933637 -2.3820402875 -0.2101036692 1.0
P0101-mp2-popt-dd-005 14 4.99999999813 -535.522923049
P -0.0012562986 0.0005992033 -0.1181916655 15.0
O 0.0008117572 0.0117888826 -1.6029765545 8.0
C -1.4198256459 0.8341097164 0.6312499765 6.0
C 1.4280689547 0.8224407496 0.6248765891 6.0
C -0.006017152 -1.6685381814 0.611181625 6.0
H -1.4306586501 1.8749533833 0.3136313847 1.0
H -1.3794059027 0.7865907141 1.7184741253 1.0
H -2.3335934221 0.3557594602 0.2834103068 1.0
H 2.335135777 0.3209940757 0.2921834046 1.0
H 1.3813299806 0.7988707736 1.7125215828 1.0
H 1.4595712619 1.8558174607 0.2849477158 1.0
H -0.9383558048 -1.8645951626 1.1369334608 1.0
H 0.8212300831 -1.8105418392 1.3030090313 1.0
H 0.0839672028 -2.38062674 -0.2060191888 1.0
P0101-mp2-popt-dd-010 14 10.0000000027 -535.523126899
P -0.0023957017 0.0007031275 -0.1182442715 15.0
O 0.0014678831 0.0114472286 -1.6030064323 8.0
C -1.4146124711 0.8415959165 0.6343265527 6.0
C 1.4335616534 0.8139310632 0.6219938973 6.0
C -0.0146391382 -1.667342777 0.6112839568 6.0
H -1.4141631024 1.8856819651 0.3273710745 1.0
H -1.3776171966 0.7828130527 1.7211679556 1.0
H -2.3320202998 0.3757067593 0.2793195519 1.0
H 2.3362415237 0.2999199019 0.2965447635 1.0
H 1.3840455205 0.8018353071 1.7096498497 1.0
H 1.4769647127 1.8434157481 0.2716779554 1.0
H -0.9861457164 -1.8900169114 1.0486275652 1.0
H 0.7485110841 -1.7852291054 1.3771340099 1.0
H 0.1631959028 -2.3767232267 -0.1938369612 1.0
P0101-mp2-popt-dd-015 14 15.0000000001 -535.523444093
P 0.0033040971 0.0008434694 0.1183170003 15.0
O -0.0017953594 0.0109511684 1.6030484088 8.0
C 1.4100871745 0.8478328358 -0.637056206 6.0
C -1.4385203983 0.806126217 -0.6195358842 6.0
C 0.0222847248 -1.6655147586 -0.6114379992 6.0
H 1.3998487011 1.894598975 -0.3395602716 1.0
H 1.3764415391 0.779214286 -1.723462471 1.0
H 2.3304549217 0.3929272264 -0.2756120363 1.0
H -2.3371404837 0.281029756 -0.3005507073 1.0
H -1.38668385 0.8042193178 -1.7070977476 1.0
H -1.4925647857 1.8319822226 -0.2601304487 1.0
H 1.0230729079 -1.9156397312 -0.9593944783 1.0
H -0.6714404603 -1.760191141 -1.4435771575 1.0
H -0.2418314305 -2.3702746143 0.1738966935 1.0
P0101-mp2-popt-dd-020 14 19.9999999994 -535.52384412
P 0.0039244138 0.0009973112 0.1184111393 15.0
O -0.0017144248 0.0103870558 1.6031017334 8.0
C 1.4065914507 0.8523693168 -0.6392846723 6.0
C -1.442602322 0.7996484747 -0.6176216369 6.0
C 0.0283344097 -1.6632857698 -0.6116359756 6.0
H 1.3887245024 1.9011733753 -0.3494180369 1.0
H 1.3759296405 0.7759595277 -1.7252740324 1.0
H 2.3290962586 0.4062081348 -0.2725082596 1.0
H -2.3378426967 0.2656420728 -0.3039307881 1.0
H -1.388968179 0.8060599575 -1.705032324 1.0
H -1.5053075026 1.8224349443 -0.2509092706 1.0
H 1.048536906 -1.9419203441 -0.8708768351 1.0
H -0.5922107731 -1.7356655486 -1.5017847728 1.0
H -0.3199567594 -2.3612269352 0.1466048194 1.0
P0101-mp2-popt-dd-025 14 25.0000000003 -535.524291937
P 0.0042372912 0.0011315781 0.1185189958 15.0
O -0.0012048723 0.009850598 1.6031631086 8.0
C 1.4045149826 0.8546783383 -0.6408966465 6.0
C -1.4454121438 0.7952274897 -0.6163163785 6.0
C 0.032030674 -1.6609094876 -0.6118643182 6.0
H 1.3818589081 1.9048324657 -0.3562705809 1.0
H 1.3761500828 0.7730509384 -1.7265619959 1.0
H 2.3282037581 0.4142565083 -0.2702550086 1.0
H -2.3383437893 0.2552150435 -0.3063414591 1.0
H -1.3905999738 0.8075593686 -1.7035756464 1.0
H -1.5140097014 1.8158011042 -0.2444930925 1.0
H 1.0620838151 -1.9694849244 -0.7843003054 1.0
H -0.5128948796 -1.711927136 -1.5516906395 1.0
H -0.3979801033 -2.3493978692 0.1124412237 1.0
P0101-mp2-popt-dd-030 14 29.9999999989 -535.524751591
P 0.0042506162 0.0012173089 0.1186317475 15.0
O -0.0002971914 0.0094071469 1.6032300709 8.0
C 1.4043175473 0.8540983906 -0.6418314082 6.0
C -1.4464837094 0.7937236979 -0.6156490435 6.0
C 0.0324500112 -1.6586047044 -0.612094826 6.0
H 1.3804744144 1.9048833309 -0.3595944662 1.0
H 1.3772248584 0.7702711421 -1.7273330492 1.0
H 2.3280710188 0.4155915524 -0.2691467833 1.0
H -2.33859233 0.2513764179 -0.3074131173 1.0
H -1.3912123159 0.8091022997 -1.7028083374 1.0
H -1.5173584215 1.8132126189 -0.2412542635 1.0
H 1.0631779948 -1.9990557245 -0.7004614997 1.0
H -0.4353797758 -1.6893103663 -1.5935563578 1.0
H -0.4766355967 -2.3343946024 0.0719212208 1.0
P0101-mp2-popt-dd-035 14 34.9999999996 -535.525189397
P 0.0040047664 0.0012375286 0.1187606318 15.0
O 0.0009336215 0.0091306951 1.6033086808 8.0
C 1.4065389469 0.8497788637 -0.642083324 6.0
C -1.4452524423 0.7961496605 -0.6156069043 6.0
C 0.0284534012 -1.6565887847 -0.6123390299 6.0
H 1.3859404699 1.9004394216 -0.3590593908 1.0
H 1.3793734617 0.7670628744 -1.7276184223 1.0
H 2.3290112081 0.4085418729 -0.2694900302 1.0
H -2.3384446092 0.2558811263 -0.3069209351 1.0
H -1.3903360905 0.8114248886 -1.7027560602 1.0
H -1.5139405963 1.8158634262 -0.2413886297 1.0
H 1.0509890647 -2.0313897945 -0.6197744562 1.0
H -0.3613183012 -1.6681591631 -1.6278898401 1.0
H -0.5570062424 -2.3156787754 0.0254479502 1.0
P0101-mp2-popt-dd-040 14 39.9999999977 -535.525576722
P 0.0035420842 0.0011877309 0.1188965427 15.0
O 0.0023857629 0.0090248482 1.6033969857 8.0
C 1.4117949054 0.8406347428 -0.6416801996 6.0
C -1.4410191647 0.8036892001 -0.6161496327 6.0
C 0.0187044917 -1.6549518231 -0.6125718671 6.0
H 1.3998569813 1.8903115265 -0.3544580357 1.0
H 1.3829501225 0.7626068386 -1.7274519299 1.0
H 2.3312683912 0.3910983749 -0.2716248201 1.0
H -2.3376037946 0.2708318026 -0.3045256603 1.0
H -1.3874652743 0.8153887254 -1.7033899469 1.0
H -1.5020401202 1.8250532896 -0.2450925545 1.0
H 1.024242482 -2.0671706537 -0.5423518703 1.0
H -0.2922591326 -1.6490030119 -1.6551818973 1.0
H -0.6404161962 -2.2923062494 -0.0265169563 1.0
P0101-mp2-popt-dd-045 14 45.0000000053 -535.525891558
P 0.0029119683 0.0010779789 0.1190432504 15.0
O 0.0039461942 0.0090712991 1.6034998284 8.0
C 1.4207395329 0.8253292075 -0.640687308 6.0
C -1.4329199878 0.8176614432 -0.6172177978 6.0
C 0.001655518 -1.6536684841 -0.612790222 6.0
H 1.4239378803 1.8729590665 -0.3457815962 1.0
H 1.3884636722 0.7557282424 -1.7268571309 1.0
H 2.3349530459 0.3610182828 -0.2758739947 1.0
H -2.3355457557 0.2985700043 -0.29996987 1.0
H -1.3819897445 0.8220811591 -1.7046280342 1.0
H -1.4796864812 1.8420659984 -0.2525079774 1.0
H 0.9811279572 -2.1068883922 -0.4681399622 1.0
H -0.2296975096 -1.6324812914 -1.675892301 1.0
H -0.7283677045 -2.2630118152 -0.083587616 1.0
P0101-mp2-popt-dd-050 14 50.0000000059 -535.526118732
P 0.0021564196 0.0009355589 0.1192065 15.0
O 0.0055016996 0.0092250809 1.6036260523 8.0
C 1.4339630201 0.8022923454 -0.6392063524 6.0
C -1.4199177304 0.8394227049 -0.6187255422 6.0
C -0.0243390443 -1.6525164948 -0.6129977191 6.0
H 1.4598047086 1.8464855805 -0.3333561763 1.0
H 1.3966071146 0.7447940851 -1.7258402462 1.0
H 2.339875354 0.3159718032 -0.282409651 1.0
H -2.3314128774 0.3414752117 -0.2931867519 1.0
H -1.3731583913 0.8328954103 -1.7063163822 1.0
H -1.444760489 1.8679467736 -0.2635723092 1.0
H 0.9194002642 -2.1505690552 -0.3970090075 1.0
H -0.1750988696 -1.6193736396 -1.6903648105 1.0
H -0.8222806104 -2.2261766935 -0.1454140053 1.0
P0101-mp2-popt-dd-055 14 55.0000000088 -535.52624949
P 0.0013189343 0.0007990403 0.1193899901 15.0
O 0.0069787293 0.00943548 1.603782546 8.0
C 1.4518102415 0.7699320267 -0.6373419469 6.0
C -1.4008463208 0.8700799382 -0.6205757632 6.0
C -0.0608402483 -1.6510127114 -0.6132073047 6.0
H 1.5084134259 1.808874855 -0.3180002202 1.0
H 1.4082571659 0.7277075795 -1.724370039 1.0
H 2.3454118831 0.25413565 -0.2909710535 1.0
H -2.323907972 0.4013754519 -0.2845127703 1.0
H -1.360007266 0.8494803218 -1.7082508099 1.0
H -1.3953585131 1.9030893835 -0.2778328804 1.0
H 0.8366105343 -2.1975492347 -0.3288990396 1.0
H -0.129956822 -1.6105703177 -1.6987971668 1.0
H -0.9231593275 -2.1798646809 -0.2116316706 1.0
P0101-mp2-popt-dd-060 14 60.000000041 -535.526280408
P 0.0004254132 0.0007080272 0.1196086564 15.0
O 0.0083765379 0.0096509131 1.6039814663 8.0
C 1.4740645106 0.7270247465 -0.6352139416 6.0
C -1.3746075677 0.9100686414 -0.6226825167 6.0
C -0.1088085564 -1.6483706394 -0.6134343255 6.0
H 1.5692835532 1.7585280251 -0.3012375455 1.0
H 1.4242105138 0.7019970979 -1.7224413168 1.0
H 2.3504004196 0.1750146231 -0.3006393052 1.0
H -2.3113978501 0.4786408644 -0.2749995197 1.0
H -1.34124396 0.8736304967 -1.710237872 1.0
H -1.3304728148 1.9467488131 -0.2941331856 1.0
H 0.7309223147 -2.2460444862 -0.2639239425 1.0
H -0.0955319853 -1.6069734938 -1.7012657389 1.0
H -1.0308381678 -2.1221925817 -0.281814506 1.0
P0101-mp2-popt-dd-065 14 65.0000000189 -535.526210841
P -0.0004953397 0.0007045651 0.1198474297 15.0
O 0.0097158835 0.0098236582 1.604212503 8.0
C 1.4996453561 0.6734512889 -0.6329294553 6.0
C -1.3406232258 0.9585114878 -0.6249363028 6.0
C -0.167834031 -1.6436077285 -0.6136608629 6.0
H 1.6399628889 1.6950711155 -0.2847706584 1.0
H 1.4445441576 0.6658986236 -1.7201204229 1.0
H 2.3532264224 0.0802413907 -0.3101068606 1.0
H -2.2923163986 0.5713016515 -0.2659395269 1.0
H -1.3158197899 0.9062781523 -1.7121348404 1.0
H -1.2507355342 1.9967107157 -0.3108728396 1.0
H 0.6023280152 -2.2929455148 -0.202226166 1.0
H -0.072134214 -1.609417966 -1.6977539957 1.0
H -1.1431084242 -2.052045853 -0.3554408277 1.0
P0101-mp2-popt-dd-070 14 70.0000000083 -535.526043326
P -0.0014209422 0.0008037306 0.1200710895 15.0
O 0.0110176265 0.0098955429 1.6044409782 8.0
C 1.526470826 0.6111129316 -0.6306066071 6.0
C -1.2994673796 1.0127702978 -0.6272183107 6.0
C -0.2353346991 -1.6359434132 -0.6138219708 6.0
H 1.7155016973 1.6206098804 -0.270345208 1.0
H 1.4681052015 0.619387256 -1.7175974798 1.0
H 2.3523314093 -0.0252757707 -0.3179178222 1.0
H -2.2659615816 0.6741997677 -0.2587738101 1.0
H -1.2833270361 0.9467790439 -1.7139029651 1.0
H -1.1594090041 2.0492307158 -0.3261017643 1.0
H 0.4540530453 -2.3340840823 -0.1437632607 1.0
H -0.0582480172 -1.6187289672 -1.6881577935 1.0
H -1.255034393 -1.9702699763 -0.4318738935 1.0
P0101-mp2-popt-dd-075 14 75.0000000038 -535.525783522
P -0.002290848 0.0009853985 0.120249488 15.0
O 0.0122054772 0.009867193 1.6046346217 8.0
C 1.5518945326 0.5443529033 -0.6283697464 6.0
C -1.2535152389 1.0684082698 -0.6294043585 6.0
C -0.30631905 -1.6252272618 -0.6138736252 6.0
H 1.7893990757 1.5402306896 -0.2590316167 1.0
H 1.4924461226 0.5653118253 -1.7151230736 1.0
H 2.3469633469 -0.1335931224 -0.3231502253 1.0
H -2.2333809981 0.7793146927 -0.2542210983 1.0
H -1.2451868295 0.9918169021 -1.7155602333 1.0
H -1.0627130551 2.0996558307 -0.33851387 1.0
H 0.2931292884 -2.3653736987 -0.0885060388 1.0
H -0.0500996111 -1.6353495693 -1.6723146388 1.0
H -1.3593244944 -1.8804659554 -0.5105592107 1.0
P0101-mp2-popt-dd-080 14 79.9999999946 -535.525442866
P -0.0030443379 0.0012208442 0.1203370632 15.0
O 0.0131206954 0.0097667415 1.6047497644 8.0
C 1.5735567998 0.4793339165 -0.626346639 6.0
C -1.2068304118 1.1203304267 -0.6313518558 6.0
C -0.3742983332 -1.612485023 -0.6137601003 6.0
H 1.8551907332 1.461454098 -0.2512512303 1.0
H 1.5147160337 0.5090554012 -1.7129359554 1.0
H 2.337811026 -0.2351231917 -0.325598174 1.0
H -2.1976869103 0.8773108756 -0.2523786831 1.0
H -1.2045926049 1.0367098836 -1.7170963097 1.0
H -0.9691428007 2.1437014078 -0.3473339704 1.0
H 0.1294116447 -2.3841996788 -0.036272639 1.0
H -0.0422064084 -1.659681815 -1.6499212245 1.0
H -1.4480152957 -1.7890991118 -0.5909626911 1.0
P0101-mp2-popt-dd-085 14 85.0000000009 -535.525039021
P -0.003615934 0.0014576978 0.1203060066 15.0
O 0.0135872842 0.0096761614 1.6047579338 8.0
C 1.590185325 0.4222866488 -0.6246598803 6.0
C -1.1641266589 1.1642792095 -0.6329293879 6.0
C -0.4331978106 -1.5996644565 -0.6134656329 6.0
H 1.9081171074 1.3923126875 -0.2471364573 1.0
H 1.5328759882 0.4564878965 -1.7112203941 1.0
H 2.3270248695 -0.3210424434 -0.3253780593 1.0
H -2.163328961 0.9599818539 -0.2529962927 1.0
H -1.1655712992 1.0770875822 -1.7184621297 1.0
H -0.8873360509 2.1786787519 -0.352237227 1.0
H -0.0273107059 -2.3904394394 0.012907767 1.0
H -0.029041174 -1.6917471669 -1.620586515 1.0
H -1.5149357206 -1.7037244405 -0.6726234668 1.0
P0101-mp2-popt-dd-090 14 89.9999999931 -535.524596711
P -0.0039588293 0.0016281696 0.1201420283 15.0
O 0.0134743324 0.0097020775 1.6046478741 8.0
C 1.6017308442 0.3777422819 -0.6234094433 6.0
C -1.1293087875 1.1978926745 -0.634025233 6.0
C -0.478980342 -1.5889181814 -0.6130093195 6.0
H 1.9460677083 1.3389895536 -0.2466191784 1.0
H 1.5461743586 0.4121755883 -1.7100856619 1.0
H 2.3173129118 -0.3855716012 -0.3227995143 1.0
H -2.134581192 1.0223293805 -0.2557086218 1.0
H -1.1316377208 1.1102269605 -1.7195707289 1.0
H -0.8236464942 2.2039179425 -0.3532123965 1.0
H -0.1700953784 -2.3861053964 0.0587313255 1.0
H -0.006549791 -1.7310811794 -1.5838580961 1.0
H -1.5571356187 -1.6307381088 -0.7550975334 1.0
P0101-mp2-popt-dd-095 14 94.9999999994 -535.524145221
P -0.0039938306 0.0017102691 0.1198566941 15.0
O 0.0126600797 0.0099031254 1.6044275888 8.0
C 1.6089328131 0.3476934321 -0.6226818742 6.0
C -1.1046433788 1.2206370557 -0.6345825612 6.0
C -0.5100905179 -1.5817429072 -0.6124208583 6.0
H 1.9692923958 1.3044910529 -0.2495958756 1.0
H 1.5548514987 0.3783848681 -1.7095875315 1.0
H 2.3108354584 -0.4267300607 -0.318253355 1.0
H -2.114241125 1.0626584502 -0.2600011572 1.0
H -1.1050940052 1.1352637102 -1.7203418674 1.0
H -0.7812322841 2.2201501741 -0.3504548501 1.0
H -0.2958728424 -2.3740720038 0.1005459078 1.0
H 0.0270038009 -1.7765321987 -1.5393786964 1.0
H -1.5746515046 -1.5736465219 -0.8379213741 1.0
P0101-mp2-popt-dd-100 14 99.9999999987 -535.523717738
P -0.0037096852 0.0016659868 0.1194876992 15.0
O 0.0111635534 0.0103325595 1.6041266406 8.0
C 1.6126723082 0.3320216237 -0.6225101152 6.0
C -1.090636559 1.2332159247 -0.6346013225 6.0
C -0.5269082175 -1.5787319034 -0.6117718801 6.0
H 1.9792555783 1.2888981205 -0.2557739069 1.0
H 1.5596376508 0.3554789087 -1.7096982954 1.0
H 2.3086530613 -0.4453792583 -0.3121651774 1.0
H -2.1033207206 1.0820310002 -0.2655266325 1.0
H -1.0867345687 1.1524717373 -1.7207130039 1.0
H -0.7600850516 2.2286420655 -0.3444285952 1.0
H -0.4047042995 -2.3570632318 0.1373777178 1.0
H 0.0714743572 -1.8263227455 -1.4869375334 1.0
H -1.5693232436 -1.5332680214 -0.9205556794 1.0
P0101-mp2-popt-dd-105 14 104.999999991 -535.523347925
P -0.003102854 0.0015041599 0.1190840524 15.0
O 0.0090506028 0.0109893324 1.6037861375 8.0
C 1.6136801302 0.3292479199 -0.6228908056 6.0
C -1.0866162987 1.2368254772 -0.6341382701 6.0
C -0.5308804039 -1.5796485531 -0.611124921 6.0
H 1.977952371 1.2902122155 -0.2646734833 1.0
H 1.5613127794 0.3426872395 -1.7103383176 1.0
H 2.3106992949 -0.4441675126 -0.305073967 1.0
H -2.1013758973 1.0827817894 -0.27193825 1.0
H -1.0764105054 1.1626955764 -1.7206627819 1.0
H -0.7583538944 2.2305708919 -0.3357240938 1.0
H -0.498348558 -2.3371603269 0.1680842336 1.0
H 0.1253501858 -1.878288171 -1.426601099 1.0
H -1.5436612419 -1.50833103 -1.0023678297 1.0
P0101-mp2-popt-dd-110 14 109.999999989 -535.523066195
P -0.0022000425 0.0012529292 0.1186967386 15.0
O 0.0064597597 0.0118400792 1.6034469109 8.0
C 1.612444737 0.3373174424 -0.6237579262 6.0
C -1.091277386 1.2327216262 -0.633307572 6.0
C -0.5238753963 -1.5837430058 -0.6105263765 6.0
H 1.9673715801 1.3054164799 -0.275549746 1.0
H 1.5605551476 0.3388546887 -1.711370636 1.0
H 2.3161702956 -0.4264432558 -0.2975662353 1.0
H -2.1070862704 1.0677603862 -0.2788544423 1.0
H -1.0735309228 1.1667468402 -1.7202234983 1.0
H -0.773205488 2.2268171652 -0.3251659795 1.0
H -0.5790541816 -2.315870543 0.1914792565 1.0
H 0.1863364062 -1.9301242402 -1.3588399038 1.0
H -1.5002188768 -1.4964042979 -1.0826103025 1.0
P0101-mp2-popt-dd-115 14 114.999999989 -535.522897078
P -0.0010567599 0.0009644724 0.1183735722 15.0
O 0.0035917556 0.0128101926 1.6031489402 8.0
C 1.6092540083 0.3540816921 -0.6250137674 6.0
C -1.1030838245 1.2220532264 -0.6322544283 6.0
C -0.5078153944 -1.5900613519 -0.6100024474 6.0
H 1.9491839994 1.331393604 -0.2877966318 1.0
H 1.5579257283 0.3425081899 -1.7126537478 1.0
H 2.3239764318 -0.3954653938 -0.2899738688 1.0
H -2.1188189982 1.0396227985 -0.2861528798 1.0
H -1.0770734319 1.1654526962 -1.7194804631 1.0
H -0.8017046381 2.217986437 -0.3134238382 1.0
H -0.6489012163 -2.2942626178 0.2065768169 1.0
H 0.251847048 -1.9797413518 -1.2845140159 1.0
H -1.4413717453 -1.4946230935 -1.1604467384 1.0
P0101-mp2-popt-dd-120 14 119.999999991 -535.522854436
P 0.0002316043 0.0006847485 0.1181503574 15.0
O 0.0006915749 0.013825258 1.6029239879 8.0
C 1.6042612501 0.3775804474 -0.6265186425 6.0
C -1.120492015 1.2058182373 -0.6311514574 6.0
C -0.4844848983 -1.5976710384 -0.609548068 6.0
H 1.9248383657 1.3651926316 -0.3005909223 1.0
H 1.5538270325 0.3525082624 -1.7140314903 1.0
H 2.3329476979 -0.3542720285 -0.2826484882 1.0
H -2.1348740313 1.0009499673 -0.2936386519 1.0
H -1.0860715896 1.1593155181 -1.7185620917 1.0
H -0.8408632011 2.2045295244 -0.3013457135 1.0
H -0.7094181194 -2.2732291804 0.2126824389 1.0
H 0.3193250064 -2.0253586875 -1.2049307558 1.0
H -1.3692836331 -1.500158915 -1.2349942275 1.0
P0101-mp2-popt-dd-125 14 125.000000002 -535.522941653
P 0.0015634028 0.0004570474 0.1180412529 15.0
O -0.0020128394 0.0148082578 1.6027870869 8.0
C 1.5975629886 0.4061375539 -0.6281322618 6.0
C -1.1420821611 1.1848995928 -0.6301505593 6.0
C -0.4554758552 -1.6057921555 -0.6091299903 6.0
H 1.8955303238 1.4043310319 -0.3132110879 1.0
H 1.5485231388 0.3678706133 -1.7153756781 1.0
H 2.3420682542 -0.3054550289 -0.2758189321 1.0
H -2.1537037273 0.9540108968 -0.3011502963 1.0
H -1.099557131 1.1487966823 -1.717605507 1.0
H -0.8879811732 2.1868399791 -0.2896205424 1.0
H -0.7616455497 -2.2534620452 0.2095956858 1.0
H 0.3865309989 -2.0657777226 -1.1216031646 1.0
H -1.2859276078 -1.5105333373 -1.3054269391 1.0
P0101-mp2-popt-dd-130 14 130.000000006 -535.523149638
P 0.002825172 0.000317308 0.1180439501 15.0
O -0.0043184683 0.0157097478 1.6027399154 8.0
C 1.5892275799 0.4383530203 -0.6297209787 6.0
C -1.166618725 1.1600919179 -0.629360932 6.0
C -0.422134881 -1.6138376237 -0.6087167867 6.0
H 1.862264279 1.4467976169 -0.3250537072 1.0
H 1.5421848036 0.3877419527 -1.7165879307 1.0
H 2.3505128296 -0.2511960008 -0.2696015887 1.0
H -2.1740043654 0.9008203113 -0.3085036285 1.0
H -1.1166587681 1.1342819534 -1.7167306155 1.0
H -0.940679904 2.165331063 -0.2788153572 1.0
H -0.8061756538 -2.2355544887 0.1975202013 1.0
H 0.4517119595 -2.1003108397 -1.0361556416 1.0
H -1.1930882798 -1.5237104387 -1.3710277612 1.0
P0101-mp2-popt-dd-135 14 135.000000003 -535.523460032
P -0.0039092512 0.0002822868 -0.118144727 15.0
O 0.0060845179 0.016495619 -1.6027785141 8.0
C -1.5793116558 0.4731227147 0.6311840044 6.0
C 1.1930496074 1.1321277063 0.6288538735 6.0
C 0.3855667753 -1.6214288043 0.608275768 6.0
H -1.8259076487 1.4910142158 0.3355306455 1.0
H -1.5348305469 0.4115962189 1.7176210217 1.0
H -2.3576590055 -0.1933232369 0.2641834211 1.0
H 2.1947206673 0.8432820254 0.3153623228 1.0
H 1.1366842231 1.1159890776 1.7160384995 1.0
H 0.9967916153 2.1404992573 0.2695082255 1.0
H 0.8433622296 -2.2199818968 -0.1770125313 1.0
H -0.5136615395 -2.1287740006 0.950081838 1.0
H 1.0923568959 -1.538141389 1.4312209752 1.0
P0101-mp2-popt-dd-140 14 139.999999998 -535.523846477
P -0.0047237132 0.0003451431 -0.1183205515 15.0
O 0.0072308734 0.0171542964 -1.6028881902 8.0
C -1.5678641693 0.5095984584 0.6324485014 6.0
C 1.2205084821 1.1016748703 0.6286544253 6.0
C 0.346651317 -1.6283521712 0.6077861188 6.0
H -1.7871793066 1.5358117798 0.3441514281 1.0
H -1.5263761804 0.439059791 1.7184639288 1.0
H -2.3630844763 -0.1333035093 0.2597355754 1.0
H 2.2150695164 0.7831228978 0.3213039158 1.0
H 1.1590880167 1.0940402527 1.7156058148 1.0
H 1.0544130891 2.1129149262 0.2622003452 1.0
H 0.8734137167 -2.2070931112 -0.1488616479 1.0
H -0.5716699321 -2.1513407272 0.8646456341 1.0
H 0.985128356 -1.5527158833 1.4855825438 1.0
P0101-mp2-popt-dd-145 14 144.999999999 -535.52427834
P -0.0052034681 0.0004881025 -0.1185430108 15.0
O 0.0077406021 0.0176869632 -1.6030485754 8.0
C -1.5549460246 0.5471386835 0.6334678238 6.0
C 1.2483276237 1.0693204937 0.6287506343 6.0
C 0.3060575233 -1.6345065625 0.6072449666 6.0
H -1.7467540325 1.5803109451 0.3504298077 1.0
H -1.5166367245 0.4699779099 1.7191381782 1.0
H -2.3665257567 -0.0723851649 0.2565120626 1.0
H 2.234529346 0.7218529001 0.3258035952 1.0
H 1.1834903229 1.0684050264 1.7154850856 1.0
H 1.1119523312 2.0832132212 0.2573632391 1.0
H 0.8965212903 -2.197065725 -0.1139563516 1.0
H -0.6254161729 -2.1684578973 0.7807681044 1.0
H 0.8725883292 -1.5666699398 1.5338271111 1.0
P0101-mp2-popt-dd-150 14 149.999999995 -535.52472342
P -0.0053109422 0.0006794584 -0.1187922242 15.0
O 0.0076472719 0.0181074339 -1.6032425006 8.0
C -1.5406085032 0.5852702079 0.6342269767 6.0
C 1.2759987829 1.0355674974 0.6291061401 6.0
C 0.2642715544 -1.6398612345 0.6066765543 6.0
H -1.7051681039 1.6239214553 0.3540501276 1.0
H -1.5053383037 0.5041973535 1.7196846932 1.0
H -2.3678761351 -0.0115134083 0.2547465469 1.0
H 2.2528030712 0.6607158698 0.328391962 1.0
H 1.2095352307 1.0390343673 1.7157010337 1.0
H 1.1681628045 2.0520296088 0.2553358811 1.0
H 0.9128798951 -2.1899412882 -0.0731532743 1.0
H -0.6748406726 -2.1807086942 0.6990580672 1.0
H 0.755723605 -1.5794853768 1.5757886085 1.0
P0101-mp2-popt-dd-155 14 155.000000001 -535.525151256
P -0.0050472196 0.0008858527 -0.1190355082 15.0
O 0.0070237484 0.0184260583 -1.6034406307 8.0
C -1.5249206235 0.6236756847 0.6347113658 6.0
C 1.303170346 1.0008068149 0.6296655516 6.0
C 0.2216538052 -1.6444213978 0.6061017163 6.0
H -1.6629278375 1.6662384922 0.3546560327 1.0
H -1.492177397 0.5417446616 1.7201360412 1.0
H -2.3671407895 0.0485482332 0.2547231281 1.0
H 2.2697596162 0.600665883 0.3286037299 1.0
H 1.2369687624 1.0058004832 1.7162438296 1.0
H 1.2221414293 2.0199491017 0.2563901939 1.0
H 0.922761163 -2.1855467935 -0.0272664314 1.0
H -0.7199586731 -2.1888009939 0.6197890881 1.0
H 0.6353680238 -1.5908500081 1.6113655549 1.0
P0101-mp2-popt-dd-160 14 160.000000004 -535.525534957
P -0.0044402184 0.0010777591 -0.1192447302 15.0
O 0.0059810314 0.0186541055 -1.6036160111 8.0
C -1.5079490212 0.6621372414 0.634924512 6.0
C 1.3296139226 0.9653351839 0.6303623774 6.0
C 0.1784330705 -1.648203858 0.6055486687 6.0
H -1.6205277483 1.7069825698 0.3519346319 1.0
H -1.476771723 0.5826946478 1.7205185095 1.0
H -2.3643926879 0.1071643522 0.2567866295 1.0
H 2.2853866109 0.542409641 0.3260454037 1.0
H 1.2655807228 0.9685567937 1.7170611076 1.0
H 1.2732939892 1.9874723432 0.2607168284 1.0
H 0.9264412585 -2.1835797647 0.0230197156 1.0
H -0.7608283098 -2.1934452983 0.5430149465 1.0
H 0.5121905088 -1.6005868382 1.6405070486 1.0
P0101-mp2-popt-dd-165 14 165.000000004 -535.525852576
P -0.0035557517 0.0012307636 -0.1193979863 15.0
O 0.0046427574 0.0188051051 -1.6037454537 8.0
C -1.4897624266 0.7005408864 0.6348718396 6.0
C 1.355190436 0.9293221782 0.6311406828 6.0
C 0.1347881948 -1.6512158002 0.6050460195 6.0
H -1.5784176303 1.7459907968 0.3455974865 1.0
H -1.4587097569 0.6271837384 1.72082632 1.0
H -2.3597736835 0.1638771952 0.2613089384 1.0
H 2.2997202467 0.4863137561 0.320505965 1.0
H 1.2951264598 0.9271765938 1.7180644301 1.0
H 1.3213712377 1.954928749 0.2683986173 1.0
H 0.9243022549 -2.1835464 0.0771820113 1.0
H -0.7973748876 -2.1954176605 0.4686458233 1.0
H 0.3867774293 -1.6085393775 1.6631846101 1.0
P0101-mp2-popt-dd-170 14 169.999999999 -535.526088851
P -0.0024661852 0.0013390718 -0.1194972033 15.0
O 0.0031314726 0.0188819245 -1.6038280196 8.0
C -1.4704122673 0.738794465 0.6345917543 6.0
C 1.3798126574 0.8928591345 0.6319480167 6.0
C 0.090832863 -1.6534308869 0.6046352021 6.0
H -1.5368893225 1.783218105 0.335748089 1.0
H -1.4376519999 0.6749698071 1.7210235036 1.0
H -2.3534439456 0.2185064304 0.2684627175 1.0
H 2.3128269902 0.432393879 0.3121920366 1.0
H 1.3251536692 0.8817772093 1.7191150152 1.0
H 1.3665207089 1.9224476066 0.2792736828 1.0
H 0.9166534911 -2.1849070064 0.1348515202 1.0
H -0.8295004828 -2.1953855717 0.3966339434 1.0
H 0.2596487974 -1.614545847 1.6793870112 1.0
P0101-mp2-popt-dd-175 14 175.000000001 -535.52623368
P -0.0012605545 0.0013890078 -0.11954184 15.0
O 0.0015650934 0.0189326352 -1.6038628545 8.0
C -1.4499591893 0.7768288923 0.6341069596 6.0
C 1.4034623502 0.8559810189 0.6327378752 6.0
C 0.0466523016 -1.6548267179 0.6043623015 6.0
H -1.4960678896 1.8187139513 0.3227686456 1.0
H -1.4134777447 0.7255382799 1.721014107 1.0
H -2.3455868257 0.2711557388 0.2781805193 1.0
H 2.324709715 0.3803191478 0.3014688913 1.0
H 1.3551979965 0.8328445773 1.7200425945 1.0
H 1.4091617639 1.8899082721 0.2927736645 1.0
H 0.9038236086 -2.1870646468 0.1958658723 1.0
H -0.857000261 -2.1940704171 0.3270021699 1.0
H 0.1312903742 -1.6183578868 1.689112779 1.0
P0101-mp2-popt-dd-180 14 180.000001708 -535.526282247
P 4.7959e-06 0.001396947 -0.1195573187 15.0
O -2.87129e-05 0.0189722536 -1.6038735253 8.0
C -1.4284425217 0.8145612541 0.6334736379 6.0
C 1.4260957808 0.8186809119 0.6334745297 6.0
C 0.002367835 -1.65534923 0.6042641865 6.0
H -1.4556489567 1.8527175008 0.3077498519 1.0
H -1.3864452161 0.7776063124 1.7207030591 1.0
H -2.3363286059 0.3224107601 0.2897633732 1.0
H 2.335408211 0.3291330811 0.2898198727 1.0
H 1.3841693033 0.7816726354 1.7207049898 1.0
H 1.450324075 1.8568984747 0.3077078889 1.0
H 0.8859909331 -2.1894831888 0.2600034567 1.0
H -0.8797359786 -2.1919908119 0.2600076145 1.0
H 0.0023233738 -1.61977584 1.6923520721 1.0
