12 4 0 1
0 180 5
37
P0104-mp2-popt-dd-000 23 1.20741826973e-06 -653.188555232
P -0.7689944181 -0.0032522448 0.1599056683 15.0
O -1.1615440344 5.08592e-05 1.5954738726 8.0
C -1.4505512305 1.4004143265 -0.7615343996 6.0
C -1.436526881 -1.4202707446 -0.7512813454 6.0
C 1.0796218282 0.005035474 -0.0867166118 6.0
H -2.5340169277 1.3478277969 -0.6630501752 1.0
H -1.1846952349 1.3767608253 -1.8163710084 1.0
H -1.1118902167 2.3353187098 -0.3216272314 1.0
H -1.0885972543 -2.3485901309 -0.3047170645 1.0
H -1.1709383088 -1.4015589686 -1.8062886286 1.0
H -2.5204667212 -1.3777569032 -0.6531377868 1.0
C 1.562954232 -1.2380244553 -0.8365604139 6.0
C 1.7077688891 0.013275503 1.3112966566 6.0
C 1.550576282 1.247376386 -0.8455943964 6.0
H 1.2602607449 2.1676316939 -0.3401115476 1.0
H 1.1668693977 1.278101076 -1.8651647929 1.0
H 2.6407392138 1.2313084016 -0.9025502995 1.0
H 1.179662021 -1.2799284031 -1.8558889474 1.0
H 1.2817573413 -2.1574342838 -0.3244279187 1.0
H 2.6529079452 -1.2115366864 -0.893626089 1.0
H 2.7946831183 0.0182182415 1.2071290172 1.0
H 1.4126342995 -0.8622550808 1.8858330154 1.0
H 1.4040324619 0.8900881261 1.8793563737 1.0
P0104-mp2-popt-dd-005 23 5.00000000149 -653.188797113
P -0.7686671851 0.0062010471 0.1598192551 15.0
O -1.1614724366 0.0617614697 1.5942438385 8.0
C -1.4485315033 1.3606350749 -0.8323621306 6.0
C -1.434010766 -1.4567589727 -0.6787063388 6.0
C 1.0788604256 -0.0024287738 -0.0868678957 6.0
H -2.5326013289 1.3098172268 -0.7402331586 1.0
H -1.1743808433 1.2798939766 -1.8825994193 1.0
H -1.1142890929 2.3184897623 -0.4417547828 1.0
H -1.0800132037 -2.358125544 -0.1835663754 1.0
H -1.1737780359 -1.4946530015 -1.7342555584 1.0
H -2.5175930558 -1.4147198152 -0.5762420856 1.0
C 1.552862644 -1.1908156012 -0.9231972641 6.0
C 1.7073028716 -0.0759211452 1.3089926291 6.0
C 1.5563980492 1.2894418455 -0.7568783166 6.0
H 1.2632485733 2.1722093761 -0.1892656662 1.0
H 1.1793546699 1.3920799838 -1.7739794387 1.0
H 2.6469123274 1.2763984241 -0.8067652814 1.0
H 1.1603207188 -1.1599869026 -1.9397508165 1.0
H 1.2738097114 -2.1434303911 -0.4751338219 1.0
H 2.6422864849 -1.1617916493 -0.98902089 1.0
H 2.7942091667 -0.0648327353 1.2053682901 1.0
H 1.4158245943 -0.9845629198 1.8329095641 1.0
H 1.3998851557 0.7655407308 1.9254970734 1.0
P0104-mp2-popt-dd-010 23 9.99999999652 -653.189464305
P -0.7677439036 0.0145051533 0.1594722517 15.0
O -1.1607117764 0.1220042363 1.5908839394 8.0
C -1.4433559371 1.3205728709 -0.8970042348 6.0
C -1.4276712641 -1.4887745854 -0.6099245879 6.0
C 1.0767952546 -0.008663308 -0.0872193776 6.0
H -2.5284624417 1.2669370409 -0.8205286457 1.0
H -1.1515997353 1.1933703166 -1.9382090166 1.0
H -1.1195544912 2.296789023 -0.5452579264 1.0
H -1.0590378671 -2.3629503625 -0.0774069577 1.0
H -1.1779580953 -1.5727792992 -1.6651977334 1.0
H -2.5104419053 -1.4538085549 -0.4967574258 1.0
C 1.5400921691 -1.1403257805 -1.0022304521 6.0
C 1.7046789632 -0.1625423642 1.3020181599 6.0
C 1.5590730598 1.3243110497 -0.6706593266 6.0
H 1.2568419296 2.1683224165 -0.0506420666 1.0
H 1.1922994256 1.4903332631 -1.6830032143 1.0
H 2.6500718274 1.3169768306 -0.7089309913 1.0
H 1.1326269641 -1.0445275023 -2.0092091343 1.0
H 1.2674494043 -2.119966597 -0.6126945291 1.0
H 2.6283943717 -1.1053334403 -1.0825413113 1.0
H 2.7916866935 -0.1501551968 1.1999624886 1.0
H 1.4122256532 -1.0989449578 1.7753337518 1.0
H 1.3971355081 0.6442355121 1.9626575857 1.0
P0104-mp2-popt-dd-015 23 15.0000000015 -653.190432685
P -0.7664583563 0.0212727268 0.1587849546 15.0
O -1.1595408859 0.1800575156 1.5853520715 8.0
C -1.4366251444 1.2813671606 -0.954388379 6.0
C -1.4185657182 -1.5164668423 -0.5467451684 6.0
C 1.0739642067 -0.0131084742 -0.0875818596 6.0
H -2.5225717301 1.2197937778 -0.8994988139 1.0
H -1.1210445718 1.1190859961 -1.9839895737 1.0
H -1.1284781431 2.2724840939 -0.6314455556 1.0
H -1.0289415163 -2.3651515129 0.0120038964 1.0
H -1.1836735458 -1.6362868434 -1.6019028015 1.0
H -2.499780052 -1.4928511714 -0.417150306 1.0
C 1.5263244644 -1.0882146132 -1.0721040951 6.0
C 1.6999252674 -0.2455437064 1.2911284884 6.0
C 1.5599176031 1.3527168933 -0.5884398958 6.0
H 1.2448131231 2.1585872649 0.0748849288 1.0
H 1.2058518383 1.5742971692 -1.5946077753 1.0
H 2.6513250991 1.3515703298 -0.6117899469 1.0
H 1.1007850551 -0.9365212736 -2.0650029109 1.0
H 1.2632825151 -2.0895588976 -0.7348659233 1.0
H 2.6128970147 -1.043821479 -1.1696309019 1.0
H 2.7871192569 -0.2361807473 1.1911590599 1.0
H 1.4021823164 -1.2046828721 1.7142264627 1.0
H 1.395442173 0.5274485474 1.9920775907 1.0
P0104-mp2-popt-dd-020 23 20.0000000002 -653.191567382
P -0.7650156369 0.0265377507 0.1578022746 15.0
O -1.1580961347 0.2357154216 1.5778088375 8.0
C -1.4296752007 1.2437487899 -1.0045850122 6.0
C -1.4079257721 -1.5403224475 -0.4893726187 6.0
C 1.0708588643 -0.0157854312 -0.0878513564 6.0
H -2.5158193455 1.1713465158 -0.9722139886 1.0
H -1.0891356172 1.0551728516 -2.0218760394 1.0
H -1.1392095873 2.2471409033 -0.7037660797 1.0
H -0.9949621892 -2.3658328995 0.0874775305 1.0
H -1.1893865484 -1.6884179495 -1.5444569001 1.0
H -2.4868686482 -1.52936104 -0.3408684188 1.0
C 1.5128486525 -1.0355362793 -1.1332525409 6.0
C 1.6934834883 -0.324975769 1.2767458911 6.0
C 1.5599836247 1.3756767106 -0.5102456506 6.0
H 1.2316355142 2.1443638457 0.1900668351 1.0
H 1.2185006242 1.6475353854 -1.5084160479 1.0
H 2.6515731489 1.3793269252 -0.518511645 1.0
H 1.0698281077 -0.8350124136 -2.1100055397 1.0
H 1.2597074292 -2.0542552563 -0.843933747 1.0
H 2.597378777 -0.980297325 -1.2467925194 1.0
H 2.7808719585 -0.3212266709 1.1789257924 1.0
H 1.3876776868 -1.3027474643 1.6496625192 1.0
H 1.3940530036 0.4143420786 2.0151493669 1.0
P0104-mp2-popt-dd-025 23 24.9999999965 -653.192741981
P 0.7635912661 0.0303891998 -0.1566568804 15.0
O 1.1564168451 0.2887725895 -1.5685617902 8.0
C 1.4238286482 1.2079564081 1.0479799612 6.0
C 1.3966634209 -1.5609954744 0.4374368137 6.0
C -1.0678451536 -0.0167917284 0.0880976542 6.0
H 2.5095010015 1.1237396034 1.0355322608 1.0
H 1.0607510536 0.9995089698 2.0536136709 1.0
H 1.1508499989 2.2215193541 0.7651252967 1.0
H 0.9616639299 -2.365591656 -0.1528967315 1.0
H 1.1933013911 -1.7326936658 1.4920183501 1.0
H 2.4729890848 -1.5617640251 0.2709540677 1.0
C -1.5007874241 -0.9825495147 1.1868328073 6.0
C -1.686002049 -0.4011442392 -1.2588963395 6.0
C -1.5598887419 1.3942926198 0.4354830521 6.0
H -1.2202679468 2.1263125809 -0.2980903407 1.0
H -1.2291023607 1.7133659123 1.4232824339 1.0
H -2.6514681422 1.4006134116 0.4309495999 1.0
H -1.0433660643 -0.7381013983 2.1469876207 1.0
H -1.2559105767 -2.0150815767 0.9427901898 1.0
H -2.5833660256 -0.9167694123 1.3127547455 1.0
H -2.773562848 -0.4032658283 -1.1633037075 1.0
H -1.3715585109 -1.394600399 -1.58075108 1.0
H -1.391863087 0.3031323755 -2.0329217846 1.0
P0104-mp2-popt-dd-030 23 29.9999999979 -653.193844331
P 0.7623209879 0.0330485632 -0.1552251765 15.0
O 1.1549582779 0.3394235849 -1.5575201587 8.0
C 1.4196781746 1.1741104298 1.0856048285 6.0
C 1.3857479723 -1.5788243042 0.3907384868 6.0
C -1.0652554919 -0.0164991601 0.087982895 6.0
H 2.5045101564 1.0790543143 1.087984203 1.0
H 1.0391307566 0.9495327999 2.0812062638 1.0
H 1.1618815874 2.1960678928 0.8188020791 1.0
H 0.9321629361 -2.3648397618 -0.2106535771 1.0
H 1.1948312697 -1.7710859311 1.4441668809 1.0
H 2.4595602207 -1.5891408249 0.2092964294 1.0
C -1.491259051 -0.9294023993 1.2336278793 6.0
C -1.6778220744 -0.4745922432 -1.2380357729 6.0
C -1.5602784225 1.4091086995 0.3628846836 6.0
H -1.2120319633 2.1044047607 -0.4016972822 1.0
H -1.2377450885 1.7736275538 1.3376938214 1.0
H -2.6517575722 1.4159918238 0.3486550598 1.0
H -1.0245070156 -0.6435941379 2.1777855157 1.0
H -1.2513473575 -1.9726406755 1.0338966497 1.0
H -2.5724546685 -0.8551099815 1.3665147723 1.0
H -2.765570389 -0.4812725596 -1.145117159 1.0
H -1.3556135229 -1.4814144086 -1.5072066865 1.0
H -1.387927842 0.1922508245 -2.0462671904 1.0
P0104-mp2-popt-dd-035 23 35.0000000075 -653.194783648
P 0.7612218355 0.0346896091 -0.1535579431 15.0
O 1.1538276647 0.3876261019 -1.5448791369 8.0
C 1.4176887205 1.1417931007 1.1184070424 6.0
C 1.376027639 -1.5942278145 0.3484734474 6.0
C -1.0632978692 -0.0152155622 0.087432839 6.0
H 2.5017365304 1.0385920403 1.1288929138 1.0
H 1.0266461276 0.9019572828 2.1061890107 1.0
H 1.170962829 2.1707331089 0.8681150336 1.0
H 0.9084622925 -2.3637034192 -0.2634487937 1.0
H 1.1941190819 -1.8054111388 1.3999490778 1.0
H 2.4478055654 -1.6110529952 0.1560462163 1.0
C -1.4848263523 -0.8753389015 1.2751046104 6.0
C -1.6695672249 -0.545931962 -1.2140550325 6.0
C -1.5612933679 1.4206904495 0.291058715 6.0
H -1.2071095253 2.078293672 -0.5034093335 1.0
H -1.2443251852 1.830066294 1.2498728506 1.0
H -2.6526713292 1.4265679968 0.2705854151 1.0
H -1.0153058701 -0.5478693911 2.2041288672 1.0
H -1.2452650429 -1.9264398667 1.1208292456 1.0
H -2.5656203482 -0.7961448471 1.4084755649 1.0
H -2.7575508799 -0.5546105513 -1.1244162403 1.0
H -1.3416599179 -1.5641437432 -1.4283083964 1.0
H -1.3820586104 0.0802771982 -2.055253053 1.0
P0104-mp2-popt-dd-040 23 39.9999999982 -653.195497069
P 0.7603489656 0.0355176072 -0.1516529447 15.0
O 1.1531317496 0.4338017174 -1.5306782104 8.0
C 1.4180010267 1.1098006952 1.148020919 6.0
C 1.368203427 -1.6077075986 0.3090583058 6.0
C -1.0620749488 -0.0132414285 0.0864175811 6.0
H 2.5017584261 1.0032411253 1.1580712215 1.0
H 1.0251933488 0.8518798481 2.1302608042 1.0
H 1.1760670621 2.1445845409 0.9175828345 1.0
H 0.8935312085 -2.3619344523 -0.3159995111 1.0
H 1.1898575211 -1.838730722 1.3570464989 1.0
H 2.4391098702 -1.6268022419 0.1121464047 1.0
C -1.481955394 -0.8194160283 1.3123353938 6.0
C -1.6618685108 -0.6152735187 -1.1867820084 6.0
C -1.562854556 1.4293014364 0.2187847333 6.0
H -1.2053629242 2.0473626587 -0.6051424607 1.0
H -1.2487056662 1.8837545248 1.1581582111 1.0
H -2.6541808292 1.4331650137 0.1956455509 1.0
H -1.0169757143 -0.4477604285 2.2266400736 1.0
H -1.2372267543 -1.8754328459 1.2064388701 1.0
H -2.5635164244 -0.7402569826 1.4394499338 1.0
H -2.7502491204 -0.621016779 -1.1021649829 1.0
H -1.3327334635 -1.6436008748 -1.3427102568 1.0
H -1.3729106037 -0.0344598334 -2.0597919729 1.0
P0104-mp2-popt-dd-045 23 45.0000000004 -653.195956082
P 0.7596917517 0.0359532826 -0.1495712307 15.0
O 1.1524721352 0.4769960601 -1.5156177851 8.0
C 1.4203488551 1.0782834006 1.1748698144 6.0
C 1.3633183027 -1.6189344182 0.2717902677 6.0
C -1.0615919462 -0.0111630233 0.0852383805 6.0
H 2.5047340357 0.9773220307 1.1732705623 1.0
H 1.0377540484 0.7950815115 2.1538318208 1.0
H 1.1727934133 2.117392337 0.9710984305 1.0
H 0.8908350162 -2.3583010658 -0.3720170891 1.0
H 1.1807098455 -1.8729387948 1.3137742311 1.0
H 2.4351569464 -1.6348798547 0.0797181048 1.0
C -1.4822527485 -0.7589434981 1.3477872716 6.0
C -1.6549893089 -0.6848568825 -1.1548444684 6.0
C -1.5654258252 1.4345526876 0.1431584311 6.0
H -1.2074685299 2.0091450738 -0.711116535 1.0
H -1.2514500479 1.9364436042 1.0582632232 1.0
H -2.6567707412 1.4354020431 0.1210747101 1.0
H -1.0304912755 -0.3361958331 2.2459916939 1.0
H -1.2250538821 -1.8162428131 1.2971552926 1.0
H -2.5658192063 -0.6870313427 1.4616167978 1.0
H -2.7439505181 -0.6815750278 -1.0782828283 1.0
H -1.3303213426 -1.722098636 -1.2468171093 1.0
H -1.3596280897 -0.1562907658 -2.0587531243 1.0
P0104-mp2-popt-dd-050 23 49.9999999979 -653.1961813
P 0.759237855 0.0365193844 -0.1472219475 15.0
O 1.1517249424 0.5167309369 -1.5002033251 8.0
C 1.424115781 1.0460678891 1.2006467966 6.0
C 1.3614867788 -1.6281334784 0.2345315568 6.0
C -1.0617463956 -0.0093056249 0.0842440782 6.0
H 2.5098934108 0.9650246937 1.1739578694 1.0
H 1.0673231411 0.7243407621 2.1771121634 1.0
H 1.1557231428 2.0869905414 1.0359979747 1.0
H 0.904928604 -2.3499375643 -0.4395263078 1.0
H 1.161482944 -1.9129818629 1.2653113552 1.0
H 2.4368775842 -1.634292937 0.062665597 1.0
C -1.4851326074 -0.6907153086 1.3832234968 6.0
C -1.6487203726 -0.7560142323 -1.1168026447 6.0
C -1.5691978165 1.4356648858 0.0615472764 6.0
H -1.214241082 1.9604148292 -0.8250167338 1.0
H -1.2523212494 1.9892231907 0.9454498558 1.0
H -2.6606330219 1.4328011954 0.0450659686 1.0
H -1.0564699229 -0.2061839355 2.2608484336 1.0
H -1.2064475547 -1.7438271275 1.3985765946 1.0
H -2.5716132232 -0.6358588508 1.477319546 1.0
H -2.7383161854 -0.7375636304 -1.0529027533 1.0
H -1.3347298111 -1.8001343131 -1.1374094916 1.0
H -1.3412650913 -0.2881670945 -2.0500921834 1.0
P0104-mp2-popt-dd-055 23 54.9999999998 -653.196247251
P 0.7591191352 0.0375544259 -0.1446096991 15.0
O 1.1518778341 0.5515770714 -1.4851300019 8.0
C 1.4274804196 1.0127178067 1.2267795223 6.0
C 1.3609304852 -1.6358370876 0.1964078172 6.0
C -1.0621762218 -0.0075142717 0.0834825202 6.0
H 2.5139479151 0.9717523316 1.162363918 1.0
H 1.1141659284 0.6357261003 2.1981300079 1.0
H 1.1194112418 2.050034893 1.1178448958 1.0
H 0.9394022065 -2.3328226894 -0.5245410614 1.0
H 1.1229862329 -1.9635364778 1.2061764148 1.0
H 2.4425046106 -1.6270294825 0.06888613 1.0
C -1.4889088995 -0.6110091744 1.419476291 6.0
C -1.6425264078 -0.8296217338 -1.0709128977 6.0
C -1.574227759 1.4315005835 -0.0284903936 6.0
H -1.2271802254 1.8973436442 -0.9499299335 1.0
H -1.2502494247 2.0423502038 0.8142589207 1.0
H -2.6657616231 1.4248073224 -0.0331236691 1.0
H -1.0915662615 -0.0532573814 2.2674326641 1.0
H -1.1805781735 -1.6518836983 1.5134573195 1.0
H -2.5781549037 -0.5834616825 1.4911545037 1.0
H -2.7325202277 -0.791988795 -1.025414733 1.0
H -1.3442778237 -1.8766570044 -1.0120032239 1.0
H -1.3179324068 -0.4319146902 -2.0309930794 1.0
P0104-mp2-popt-dd-060 23 59.999999997 -653.196252364
P 0.75936056 0.0388404343 -0.1425522448 15.0
O 1.1547840477 0.5794366186 -1.4718048866 8.0
C 1.4280319315 0.9811230683 1.2515570672 6.0
C 1.3580393051 -1.6427862874 0.1609460503 6.0
C -1.0623735002 -0.0051046696 0.0824738581 6.0
H 2.5120724126 0.9954811633 1.1475053641 1.0
H 1.1676106787 0.5418623483 2.2122156736 1.0
H 1.0689434706 2.0068730132 1.2071007723 1.0
H 0.9876945681 -2.3070265091 -0.6165554077 1.0
H 1.0634073456 -2.0197196294 1.138098179 1.0
H 2.4452725389 -1.6209917181 0.1002910343 1.0
C -1.4898214763 -0.5194622756 1.4550622335 6.0
C -1.6367807432 -0.9050238929 -1.0155375669 6.0
C -1.580065682 1.4210738433 -0.1257304343 6.0
H -1.2474847329 1.8182910375 -1.0834469663 1.0
H -1.2430439683 2.092962181 0.6639240383 1.0
H -2.671504423 1.4122692277 -0.1103525173 1.0
H -1.1260180604 0.1172220973 2.2611364335 1.0
H -1.1474981696 -1.5382729449 1.6356646457 1.0
H -2.5804158236 -0.5260711405 1.5091193687 1.0
H -2.7267246667 -0.8512432562 -0.9900088537 1.0
H -1.3531908731 -1.9479038482 -0.8727925249 1.0
H -1.2962953225 -0.5837816708 -1.9989262794 1.0
P0104-mp2-popt-dd-065 23 64.9999999976 -653.196219759
P 0.7598892657 0.0396809821 -0.1416612113 15.0
O 1.1615701762 0.5988514383 -1.4612553358 8.0
C 1.4242736392 0.9595271732 1.2696144835 6.0
C 1.3525213701 -1.6481513353 0.1381578953 6.0
C -1.0623556572 -0.0023402045 0.0796003027 6.0
H 2.5041428743 1.0193228859 1.1415843096 1.0
H 1.2025079128 0.476402286 2.218844528 1.0
H 1.0254507971 1.971698462 1.2718444622 1.0
H 1.030325719 -2.2838319538 -0.6833110537 1.0
H 1.0037908188 -2.0617930468 1.0822615304 1.0
H 2.4413325609 -1.6214867424 0.1417485106 1.0
C -1.4867603342 -0.4216008173 1.4853796284 6.0
C -1.6317512353 -0.981514895 -0.9509849649 6.0
C -1.5867854415 1.4031734294 -0.2266914614 6.0
H -1.2725872783 1.7258831283 -1.2176311806 1.0
H -1.2332797116 2.1342521025 0.5009620046 1.0
H -2.6776554621 1.3955405923 -0.187003987 1.0
H -1.1538452744 0.2905289771 2.2397744438 1.0
H -1.1105134571 -1.4096232577 1.751227605 1.0
H -2.5769377324 -0.4636661651 1.5309225294 1.0
H -2.7215188825 -0.9196268825 -0.941408317 1.0
H -1.3560881859 -2.0114617548 -0.7244267118 1.0
H -1.2823342953 -0.7393621371 -1.9541611893 1.0
P0104-mp2-popt-dd-070 23 70.0000000037 -653.196076333
P 0.7583515323 0.0334146078 -0.1552514081 15.0
O 1.1489839821 0.5852922943 -1.481121716 8.0
C 1.4456840109 0.9584770198 1.2419335481 6.0
C 1.3399093709 -1.6573209452 0.129215332 6.0
C -1.0612253451 0.007298979 0.0928093672 6.0
H 2.5203926072 1.0368028242 1.0841666103 1.0
H 1.2571498677 0.4686710704 2.1948737338 1.0
H 1.030031232 1.9639769488 1.2595780714 1.0
H 1.0319991157 -2.2871518544 -0.7021141695 1.0
H 0.9670854841 -2.0735129394 1.0632295394 1.0
H 2.4284410842 -1.6366179392 0.1580214838 1.0
C -1.4582409611 -0.2934082717 1.5370189421 6.0
C -1.6483135008 -1.0591076258 -0.836079934 6.0
C -1.5923488999 1.3821190431 -0.3194894738 6.0
H -1.2088889312 2.1732004044 0.3258090131 1.0
H -2.6810760698 1.3850385477 -0.2396140215 1.0
H -1.3110973065 1.613567165 -1.3449268 1.0
H -1.1334749507 0.4916855442 2.2188119608 1.0
H -1.0534100422 -1.243917235 1.8860878706 1.0
H -2.5463270403 -0.3578907443 1.6018470202 1.0
H -2.7375808338 -0.9900253776 -0.8190876265 1.0
H -1.3743974369 -2.0651231338 -0.5188513967 1.0
H -1.3133920533 -0.9130267053 -1.8629321057 1.0
P0104-mp2-popt-dd-075 23 75.0000000034 -653.195739935
P 0.7594363186 0.0287934177 -0.1558806947 15.0
O 1.1608984688 0.5714799514 -1.4822302913 8.0
C 1.4427276752 0.9694502887 1.233338586 6.0
C 1.3326311647 -1.6600853943 0.1537263141 6.0
C -1.0622880842 0.012646893 0.0859592266 6.0
H 2.5166823981 1.0522719631 1.0727527677 1.0
H 1.2576179129 0.4893549211 2.1917815586 1.0
H 1.0213559947 1.9729353889 1.2407892926 1.0
H 1.0396998536 -2.2972672643 -0.677352694 1.0
H 0.9379472867 -2.0657686019 1.0836998924 1.0
H 2.4202866433 -1.6418627597 0.2061135162 1.0
C -1.4559480087 -0.1687014434 1.5516311471 6.0
C -1.6468541952 -1.1359329211 -0.7408276668 6.0
C -1.5993914777 1.3453264422 -0.4386572696 6.0
H -1.2056402382 2.1893828183 0.1288037296 1.0
H -2.6869421793 1.3565225194 -0.3443278328 1.0
H -1.3302109663 1.4865783123 -1.4833144473 1.0
H -1.1473853231 0.6785816385 2.1625291848 1.0
H -1.0322737679 -1.0771059023 1.9820556063 1.0
H -2.5425988173 -0.2495151381 1.6217761377 1.0
H -2.7362657862 -1.0673753814 -0.7303520799 1.0
H -1.3708514396 -2.1075983835 -0.332247866 1.0
H -1.3147053102 -1.0856731444 -1.7780464456 1.0
P0104-mp2-popt-dd-080 23 80.0000000004 -653.195168133
P 0.7607505422 0.0206486046 -0.1566532824 15.0
O 1.1726546365 0.5262468972 -1.4943732209 8.0
C 1.4416022384 1.0074273112 1.2019791976 6.0
C 1.3281809618 -1.6571062795 0.2157622252 6.0
C -1.0640297197 0.0184854337 0.0779927885 6.0
H 2.516235451 1.0806153341 1.0410865235 1.0
H 1.2516643141 0.5655415975 2.1775729605 1.0
H 1.0239024651 2.0121170702 1.1694619107 1.0
H 1.0386675441 -2.3249792385 -0.5920155878 1.0
H 0.9250099565 -2.0256031258 1.1577901787 1.0
H 2.4154096193 -1.6390972207 0.2758390783 1.0
C -1.4564923254 -0.011617448 1.5556754047 6.0
C -1.6465187415 -1.2171805684 -0.6136611021 6.0
C -1.6070098433 1.2863955857 -0.5815355977 6.0
H -1.2080739844 2.1857669836 -0.1109045993 1.0
H -2.6937853119 1.3071854041 -0.4798166592 1.0
H -1.3449782691 1.3169212169 -1.6368817182 1.0
H -1.1566681056 0.8975808465 2.0747117029 1.0
H -1.0230096074 -0.8658447794 2.0781295391 1.0
H -2.5422391498 -0.0965249888 1.6343317865 1.0
H -2.736127599 -1.1508174205 -0.6073966507 1.0
H -1.3658892745 -2.1360632955 -0.1002100696 1.0
H -1.320048024 -1.2836064587 -1.6520589721 1.0
P0104-mp2-popt-dd-085 23 85.0000000026 -653.194363287
P -0.7623189972 0.0072238051 0.1567507764 15.0
O -1.1837856677 0.4279457462 1.5206337962 8.0
C -1.4422957889 1.0847248335 -1.1321778884 6.0
C -1.3269816542 -1.639966579 -0.3356298118 6.0
C 1.0663744806 0.0250552048 -0.0689001908 6.0
H -2.5185496169 1.1351749192 -0.9731080159 1.0
H -1.2417425706 0.72105219 -2.1373532995 1.0
H -1.0354020681 2.0881601849 -1.0197224684 1.0
H -1.0327279209 -2.3674189261 0.4170046337 1.0
H -0.9257266415 -1.9336696474 -1.3045992109 1.0
H -2.4143899644 -1.6192774681 -0.3910423393 1.0
C 1.4606059241 0.2003607797 -1.5367591518 6.0
C 1.6466497729 -1.3004408655 0.4321572315 6.0
C 1.6151411615 1.1850382764 0.7611334288 6.0
H 1.2159069462 2.1422037618 0.4238360807 1.0
H 2.7016511213 1.2169833836 0.6591505248 1.0
H 1.3556156799 1.0684818904 1.8109483288 1.0
H 1.1636750581 1.1731548191 -1.9255163266 1.0
H 1.025338368 -0.5724032557 -2.1726166474 1.0
H 2.5462328445 0.1237224959 -1.6249447165 1.0
H 2.7364731807 -1.2370243703 0.4292519428 1.0
H 1.3594342218 -2.1337492654 -0.2076478502 1.0
H 1.3277036606 -1.5179518202 1.4522782501 1.0
P0104-mp2-popt-dd-090 23 90.0 -653.193364662
P -0.764106963 -0.0136387728 0.1544625062 15.0
O -1.1937705676 0.2461585016 1.5554751107 8.0
C -1.4448994554 1.2109330491 -0.9957775561 6.0
C -1.328975814 -1.5871895535 -0.5375871285 6.0
C 1.0691999114 0.0326311482 -0.0584333412 6.0
H -2.5231962703 1.2258987211 -0.8430114606 1.0
H -1.2297970888 0.9841738513 -2.0373799624 1.0
H -1.0543672213 2.196655108 -0.7490161719 1.0
H -1.0249678815 -2.4057282771 0.110214316 1.0
H -0.9374582628 -1.7505388193 -1.5407916538 1.0
H -2.4169293852 -1.5621726544 -0.5785801703 1.0
C 1.4683549775 0.4896524499 -1.4635975934 6.0
C 1.6467811866 -1.3677649937 0.165539436 6.0
C 1.6237007864 1.0049538997 0.981732559 6.0
H 1.2285613466 2.0110078992 0.8381538396 1.0
H 2.7104273544 1.0497523048 0.8868311749 1.0
H 1.3626545153 0.6886994333 1.9890348666 1.0
H 1.1692743941 1.5179663243 -1.6598846953 1.0
H 1.0386528229 -0.1480234534 -2.2380312159 1.0
H 2.5546451219 0.4343199228 -1.5592272203 1.0
H 2.7368022058 -1.307413529 0.166059789 1.0
H 1.3511158012 -2.0574962068 -0.6235801688 1.0
H 1.3368466965 -1.7834395223 1.1252598752 1.0
P0104-mp2-popt-dd-095 23 94.999999999 -653.192244501
P -0.7660918629 -0.0402771498 0.1469328487 15.0
O -1.2021641161 -0.0174149301 1.569754559 8.0
C -1.4491327439 1.3601073877 -0.7802039762 6.0
C -1.3337479499 -1.4713373273 -0.8039242632 6.0
C 1.072326403 0.0400914804 -0.0467643784 6.0
H -2.5295487424 1.3316749869 -0.6449488802 1.0
H -1.2161018708 1.3270374426 -1.8418396618 1.0
H -1.0795749103 2.2911541333 -0.354294519 1.0
H -1.0166063029 -2.3908733019 -0.3183388129 1.0
H -0.9583337908 -1.4502092133 -1.8261786028 1.0
H -2.4223058263 -1.4453011602 -0.82271389 1.0
C 1.4793627941 0.8305073352 -1.2932073026 6.0
C 1.6467233852 -1.3728839304 -0.1826593782 6.0
C 1.6321660144 0.7200587301 1.2019487849 6.0
H 1.2442536824 1.7328084977 1.31205884 1.0
H 2.7194073176 0.7774001013 1.1203142014 1.0
H 1.3667328507 0.1677542036 2.1003617734 1.0
H 1.1742403473 1.8739714549 -1.2351486155 1.0
H 1.0614167284 0.3993586478 -2.2043803451 1.0
H 2.5668666698 0.80578242 -1.387796899 1.0
H 2.7368657578 -1.3146195692 -0.1785607207 1.0
H 1.3412092004 -1.8462388083 -1.1144420527 1.0
H 1.3467826407 -2.0140610552 0.6472965518 1.0
P0104-mp2-popt-dd-100 23 100.0 -653.191100153
P -0.768193093 -0.0624251211 0.1350097049 15.0
O -1.2089868236 -0.2699731176 1.5413753129 8.0
C -1.4540309444 1.4677620011 -0.5548974043 6.0
C -1.3406783702 -1.3187621326 -1.0351490322 6.0
C 1.0754917396 0.044627911 -0.0364202809 6.0
H -2.5362144998 1.4027360173 -0.4493197123 1.0
H -1.2011848939 1.6195744694 -1.6015353741 1.0
H -1.1077923581 2.3168333495 0.0312860748 1.0
H -1.0090478595 -2.304674051 -0.7192590848 1.0
H -0.9852993432 -1.1208473047 -2.0454419695 1.0
H -2.4295558424 -1.2995425721 -1.0294764637 1.0
C 1.493045136 1.1171003741 -1.0464754028 6.0
C 1.6458994301 -1.2922232081 -0.5182135538 6.0
C 1.6401070343 0.3907229496 1.3412172806 6.0
H 1.261725522 1.3484465801 1.6976471456 1.0
H 2.7280181853 0.4542639991 1.2739940789 1.0
H 1.3682074873 -0.361944472 2.0774904654 1.0
H 1.1790843187 2.1138113066 -0.7410385331 1.0
H 1.0918238262 0.9190520635 -2.0415224339 1.0
H 2.5819804888 1.1205925937 -1.1265122008 1.0
H 2.7360592076 -1.2341886022 -0.5123801368 1.0
H 1.3296128588 -1.5267109477 -1.5333822405 1.0
H 1.3562428897 -2.1168125999 0.1343221315 1.0
P0104-mp2-popt-dd-105 23 104.999999998 -653.190046405
P -0.7702640642 -0.0734268311 0.1243841554 15.0
O -1.2143195329 -0.4313942581 1.4991477885 8.0
C -1.458629039 1.5186047894 -0.4041874676 6.0
C -1.3484701147 -1.1996319581 -1.1696717297 6.0
C 1.078340952 0.0462795812 -0.030189872 6.0
H -2.5419603752 1.4315086043 -0.3310256493 1.0
H -1.1860326007 1.7884623008 -1.4217390969 1.0
H -1.135172863 2.3002816283 0.2800893118 1.0
H -1.0033910665 -2.2111089384 -0.9708042976 1.0
H -1.0137176513 -0.888084812 -2.157901963 1.0
H -2.4372076256 -1.1924231345 -1.1425790771 1.0
C 1.5081024697 1.2951065278 -0.8050755056 6.0
C 1.6440678405 -1.1727032304 -0.7637459459 6.0
C 1.6468209669 0.1088248818 1.3882051438 6.0
H 1.2784822429 0.9809615307 1.9269087571 1.0
H 2.7353638341 0.1716373565 1.3308462562 1.0
H 1.3678711859 -0.7704712474 1.9640341278 1.0
H 1.1843003247 2.2131593933 -0.3174573415 1.0
H 1.1260766206 1.2940362343 -1.8266947275 1.0
H 2.5982890205 1.3152401426 -0.8619798343 1.0
H 2.7341316878 -1.112582033 -0.758761944 1.0
H 1.3171817332 -1.2122835219 -1.8017101427 1.0
H 1.3639074747 -2.1073409921 -0.276808096 1.0
P0104-mp2-popt-dd-110 23 109.999999998 -653.189203182
P 0.7721246036 -0.0753881411 -0.1176675739 15.0
O 1.2183960999 -0.5108591413 -1.4691344686 8.0
C 1.4616758819 1.5394676957 0.333771613 6.0
C 1.3557590387 -1.1356224421 1.2295052724 6.0
C -1.0804964361 0.0470108097 0.0278718772 6.0
H 2.5455680788 1.4418737525 0.2870032726 1.0
H 1.1720041534 1.8643761176 1.3304533859 1.0
H 1.1564784596 2.2856637588 -0.3965087316 1.0
H 1.0010475145 -2.1535438497 1.0889232533 1.0
H 1.0380410289 -0.7706012151 2.2046669347 1.0
H 2.4440278582 -1.1391784828 1.1861801617 1.0
C -1.5231387043 1.395396301 0.6022270752 6.0
C -1.6408986343 -1.0548821159 0.9306372574 6.0
C -1.6515423963 -0.1090301327 -1.3834399286 6.0
H -1.2918590413 0.6750053792 -2.0478198562 1.0
H -2.7405696479 -0.0496172419 -1.331485961 1.0
H -1.366396641 -1.0620715229 -1.8229349488 1.0
H -1.1910035211 2.2316485964 -0.0110450212 1.0
H -1.1593502207 1.5473523658 1.6188202078 1.0
H -2.6141497746 1.4210197657 0.6357206658 1.0
H -2.7308414978 -0.9922766448 0.9267392526 1.0
H -1.3055010783 -0.9502071869 1.9615607607 1.0
H -1.3673814351 -2.0493232443 0.57755318 1.0
P0104-mp2-popt-dd-115 23 115.0 -653.188682574
P 0.7735772326 -0.0718683535 -0.1143971862 15.0
O 1.2214994321 -0.5398208918 -1.4543597406 8.0
C 1.4620153493 1.548256037 0.3177395784 6.0
C 1.3610853135 -1.1137944576 1.2462355227 6.0
C -1.0816000352 0.0480651944 0.0281117508 6.0
H 2.5462116398 1.4481044878 0.2869840852 1.0
H 1.1603323126 1.8854972572 1.306999083 1.0
H 1.1667686287 2.2860327775 -0.4246658085 1.0
H 1.0029415787 -2.1325766435 1.1206651342 1.0
H 1.0527135259 -0.7366884739 2.219448035 1.0
H 2.4489490768 -1.1221681203 1.1934823853 1.0
C -1.5367316362 1.4525080023 0.4317642219 6.0
C -1.6359970291 -0.947527444 1.0496374297 6.0
C -1.6536262461 -0.2812860978 -1.3540524024 6.0
H -1.2995235121 0.4181617157 -2.1089394054 1.0
H -2.7429846096 -0.2246244519 -1.3057743381 1.0
H -1.3642349337 -1.2789955489 -1.6765955685 1.0
H -1.2002206984 2.2101401165 -0.2745990089 1.0
H -1.1865272554 1.7285081397 1.4264236543 1.0
H -2.6281516566 1.4761447267 0.4477011598 1.0
H -2.7259545887 -0.8849973577 1.0449385931 1.0
H -1.2959987667 -0.730886064 2.061786862 1.0
H -1.3641251434 -1.9744113228 0.8066518074 1.0
P0104-mp2-popt-dd-120 23 119.999999997 -653.188566787
P 0.7744563649 -0.0653487917 -0.1135021576 15.0
O 1.2239969044 -0.5394585555 -1.4506852171 8.0
C 1.4587663555 1.5516444255 0.3341242371 6.0
C 1.3631946056 -1.1184718775 1.2387677572 6.0
C -1.0814244927 0.0496940698 0.0296174584 6.0
H 2.5433810756 1.4546253431 0.3112055852 1.0
H 1.1486479918 1.8750537725 1.3257604604 1.0
H 1.1657609062 2.2979431418 -0.4002703947 1.0
H 1.0067445168 -2.1363653084 1.1001831904 1.0
H 1.0563722994 -0.7549745206 2.2172895862 1.0
H 2.4509625874 -1.1261284505 1.1832179209 1.0
C -1.5477208842 1.4844675328 0.28386459 6.0
C -1.6289418102 -0.8492046779 1.1400460036 6.0
C -1.6527670611 -0.4235187901 -1.3118612437 6.0
H -1.3014458748 0.1951741451 -2.1348761763 1.0
H -2.7423985204 -0.3689650371 -1.2673725553 1.0
H -1.360339627 -1.4485571848 -1.5302938981 1.0
H -1.2105302977 2.1658275774 -0.496440792 1.0
H -1.205630374 1.8653609922 1.245880525 1.0
H -2.6393133893 1.5028674001 0.2895068063 1.0
H -2.719090117 -0.7901167005 1.1335630222 1.0
H -1.287439518 -0.5396889148 2.1277256372 1.0
H -1.3540496391 -1.8926881688 0.9916764133 1.0
P0104-mp2-popt-dd-125 23 125.000000002 -653.188870364
P 0.7746889067 -0.0577060853 -0.1139608352 15.0
O 1.2263720937 -0.5215171742 -1.4539637666 8.0
C 1.4518036447 1.5519115088 0.3672003896 6.0
C 1.361721051 -1.1372750105 1.2186386621 6.0
C -1.0801204313 0.050993163 0.031176611 6.0
H 2.5370024661 1.4605130019 0.3540339039 1.0
H 1.1297624418 1.8514703694 1.3629258856 1.0
H 1.1611893824 2.3126997813 -0.3529559461 1.0
H 1.0036083261 -2.1513674993 1.0564812691 1.0
H 1.0566576803 -0.7962495194 2.2055033798 1.0
H 2.4493922542 -1.1469617855 1.1610249642 1.0
C -1.555503273 1.4993379278 0.1541810516 6.0
C -1.6198166868 -0.7586372066 1.2113557078 6.0
C -1.6492857228 -0.5436376614 -1.2632150294 6.0
H -1.3010346098 0.0010391046 -2.1378116963 1.0
H -2.7392653716 -0.4937921653 -1.2219087489 1.0
H -1.3518972534 -1.5830818323 -1.3895991412 1.0
H -1.2153772902 2.1087292839 -0.6827637809 1.0
H -1.2212195644 1.9670093923 1.0797968286 1.0
H -2.6471430506 1.5128626172 0.1502839363 1.0
H -2.7100907506 -0.7015656849 1.2064879574 1.0
H -1.274429255 -0.3720294237 2.1706409023 1.0
H -1.3428835994 -1.8094938845 1.1438473725 1.0
P0104-mp2-popt-dd-130 23 130.000000001 -653.189531672
P 0.7743393342 -0.0500053429 -0.1149822759 15.0
O 1.2286214549 -0.492374437 -1.4612835186 8.0
C 1.4419759318 1.5498003635 0.407858621 6.0
C 1.3573249473 -1.1627831346 1.192121996 6.0
C -1.0779994134 0.0512866011 0.0322068798 6.0
H 2.5276018703 1.4635157275 0.4120353004 1.0
H 1.1009585795 1.8251264999 1.4046282606 1.0
H 1.1590800665 2.3251112264 -0.2997354122 1.0
H 0.9897463499 -2.1696968174 1.0063319612 1.0
H 1.0593306165 -0.8436222009 2.1882514687 1.0
H 2.444575045 -1.1815189725 1.1288733117 1.0
C -1.5606519276 1.5019216631 0.0400025538 6.0
C -1.609083033 -0.6748033679 1.2688023737 6.0
C -1.6435721469 -0.6466928687 -1.2118927776 6.0
H -1.3004404395 -0.1677581286 -2.1258508576 1.0
H -2.7339559435 -0.6055371399 -1.1719482857 1.0
H -1.3376885755 -1.6908106238 -1.2580069315 1.0
H -1.2126928794 2.0460214289 -0.838083594 1.0
H -1.2371859059 2.0402586256 0.9303061383 1.0
H -2.6521836602 1.5109367973 0.0231976692 1.0
H -2.6992142582 -0.6145359126 1.2701862365 1.0
H -1.2544240989 -0.2252776754 2.1973040091 1.0
H -1.3346146865 -1.7281509042 1.2698222859 1.0
P0104-mp2-popt-dd-135 23 134.999999999 -653.190453823
P 0.7735367466 -0.0427263353 -0.1160797801 15.0
O 1.2306208768 -0.4557355564 -1.470686712 8.0
C 1.4302779448 1.5455980288 0.4516448011 6.0
C 1.3511425421 -1.1911012497 1.1623220945 6.0
C -1.0754141153 0.0502737061 0.0325283237 6.0
H 2.5158118366 1.4629870969 0.4783984233 1.0
H 1.0658881982 1.7986813714 1.4463302993 1.0
H 1.1593556806 2.3343699596 -0.2457397526 1.0
H 0.967951698 -2.1883744041 0.9557793298 1.0
H 1.0649146617 -0.8912259046 2.1677616191 1.0
H 2.4374622175 -1.2241522852 1.0897705733 1.0
C -1.5640086318 1.4955529422 -0.0613985883 6.0
C -1.5972864753 -0.5965937332 1.3157142651 6.0
C -1.6362546842 -0.7364325845 -1.1599493069 6.0
H -1.2998999664 -0.3158777779 -2.1045289626 1.0
H -2.7269704685 -0.7065782132 -1.1193485673 1.0
H -1.3193304554 -1.7784860129 -1.1359881266 1.0
H -1.2053065767 1.9810027576 -0.9693237927 1.0
H -1.253203361 2.0924002118 0.7954738949 1.0
H -2.6552149308 1.499466149 -0.092932078 1.0
H -2.6869513147 -0.5287228304 1.3259014933 1.0
H -1.2294768601 -0.094735141 2.2121885729 1.0
H -1.3287080022 -1.6494924594 1.3764865534 1.0
P0104-mp2-popt-dd-140 23 140.000000004 -653.191530767
P 0.7724302814 -0.0361152947 -0.1170188712 15.0
O 1.2322344037 -0.4137771993 -1.4809504093 8.0
C 1.4176393163 1.5395063362 0.4961544676 6.0
C 1.3443751092 -1.2200538522 1.1309422734 6.0
C -1.0727032173 0.0477789016 0.0322349438 6.0
H 2.5024153481 1.4589523974 0.5471822704 1.0
H 1.0289073533 1.7725139545 1.4867217837 1.0
H 1.1607830532 2.3407898873 -0.1923363045 1.0
H 0.9425921335 -2.2063624291 0.9067400279 1.0
H 1.0724923996 -0.9373084067 2.1452564218 1.0
H 2.4292047416 -1.269597117 1.0467728079 1.0
C -1.5662063122 1.48247528 -0.1522094838 6.0
C -1.5850399914 -0.5231581463 1.3543209516 6.0
C -1.6281537458 -0.8155162144 -1.1084783053 6.0
H -1.2988652985 -0.4477729409 -2.0772584687 1.0
H -2.7190378771 -0.7973015112 -1.065954022 1.0
H -1.2997016653 -1.8511659651 -1.0225579935 1.0
H -1.1963966428 1.9146909183 -1.0824931281 1.0
H -1.2678311699 2.129050961 0.6724292498 1.0
H -2.6569016612 1.480510463 -0.1976668697 1.0
H -2.6739340015 -0.4452369935 1.3738151082 1.0
H -1.2024474532 0.0236517964 2.2180749729 1.0
H -1.323878864 -1.5733053974 1.4691458239 1.0
P0104-mp2-popt-dd-145 23 144.999999994 -653.192656679
P 0.7711446724 -0.0303195142 -0.1176772617 15.0
O 1.2333978066 -0.3679570262 -1.491219921 8.0
C 1.4048169661 1.5317098082 0.540020021 6.0
C 1.338214439 -1.2483472297 1.0989685497 6.0
C -1.0701221515 0.0437291932 0.0314959548 6.0
H 2.4883600602 1.4520424817 0.6132417916 1.0
H 0.9940486384 1.7460122938 1.5259963591 1.0
H 1.1615280703 2.3449308711 -0.1394630453 1.0
H 0.9179710043 -2.2234672052 0.8594738115 1.0
H 1.0810775613 -0.9815888675 2.1214416632 1.0
H 2.4211505655 -1.3136089264 1.0024922617 1.0
C -1.5676365506 1.4642618644 -0.2342168053 6.0
C -1.5730972265 -0.453732628 1.3861528926 6.0
C -1.6200872636 -0.8859362857 -1.0580444738 6.0
H -1.2969066243 -0.567039854 -2.0460614357 1.0
H -2.7109857355 -0.8776383886 -1.0134099634 1.0
H -1.281570117 -1.9125590079 -0.9163852341 1.0
H -1.187853761 1.8473036363 -1.1819548941 1.0
H -1.2801540982 2.1540500802 0.5587325729 1.0
H -2.65774151 1.455997986 -0.291167847 1.0
H -2.661062723 -0.3656426059 1.4137663308 1.0
H -1.1764405005 0.1334169217 2.2166695005 1.0
H -1.3188953157 -1.4987807889 1.5518465642 1.0
P0104-mp2-popt-dd-150 23 150.000000003 -653.193730875
P 0.7698230603 -0.0253849784 -0.1179644212 15.0
O 1.2339715723 -0.3191445632 -1.5009167635 8.0
C 1.3926133563 1.5223718583 0.5824430742 6.0
C 1.3337725909 -1.2752514357 1.0670103072 6.0
C -1.067920434 0.0381020238 0.0306020755 6.0
H 2.4747673995 1.4426166934 0.6737964507 1.0
H 0.9639785721 1.7189851126 1.5644600011 1.0
H 1.161054029 2.3471689498 -0.087227195 1.0
H 0.8976959036 -2.2399180808 0.8135726155 1.0
H 1.0899169604 -1.0242263571 2.0967488325 1.0
H 2.4147443554 -1.3531422115 0.959020398 1.0
C -1.568539351 1.4419649367 -0.3089048769 6.0
C -1.5625108911 -0.3877413998 1.4122060833 6.0
C -1.6126573764 -0.9492111099 -1.0089137783 6.0
H -1.2931119272 -0.6767916754 -2.0120205352 1.0
H -2.7035259889 -0.9475582284 -0.9635294801 1.0
H -1.2673720254 -1.965412963 -0.8157911876 1.0
H -1.1807485184 1.7785716721 -1.2709185524 1.0
H -1.2894972962 2.1700810512 0.4522406431 1.0
H -2.6581058886 1.4275826243 -0.3740383499 1.0
H -2.6496034084 -0.2910777134 1.4454985799 1.0
H -1.1543815013 0.2370326614 2.2090803383 1.0
H -1.3135612074 -1.4251535037 1.6271840919 1.0
P0104-mp2-popt-dd-155 23 155.0 -653.194665425
P 0.7685583687 -0.0212443923 -0.1178337018 15.0
O 1.2337420954 -0.2680137651 -1.5096189872 8.0
C 1.3817935314 1.5115297912 0.623238382 6.0
C 1.3319396442 -1.3005744838 1.0350436154 6.0
C -1.0662399551 0.0310949075 0.0298778468 6.0
H 2.4629138085 1.4314154366 0.7260242212 1.0
H 0.941572467 1.6902177228 1.603388443 1.0
H 1.1581043343 2.3480167898 -0.0345990879 1.0
H 0.8848464103 -2.2562851045 0.7673326409 1.0
H 1.0980922962 -1.0663741748 2.0711339764 1.0
H 2.411339173 -1.385989252 0.9178328659 1.0
C -1.5689906621 1.4163877261 -0.3777486873 6.0
C -1.5543300757 -0.3244466247 1.4332494481 6.0
C -1.6062606182 -1.0066617111 -0.9608798736 6.0
H -1.2867323017 -0.7798049826 -1.9754279284 1.0
H -2.6971786932 -1.0073949093 -0.9175861337 1.0
H -1.2588716339 -2.0117284493 -0.718667548 1.0
H -1.1752333225 1.7080513893 -1.3518466451 1.0
H -1.2957268208 2.1791488076 0.3509754515 1.0
H -2.6581592036 1.3965886529 -0.4477363572 1.0
H -2.6408908927 -0.2226538086 1.468771852 1.0
H -1.1391883187 0.337033506 2.195982907 1.0
H -1.3076815495 -1.351217741 1.6973138156 1.0
P0104-mp2-popt-dd-160 23 160.0 -653.195394502
P -0.767415144 -0.0176539716 0.1173257605 15.0
O -1.2324994168 -0.2151676094 1.5170442736 8.0
C -1.3730936141 1.4990138819 -0.6627976142 6.0
C -1.3333048953 -1.3245327038 -1.0024694294 6.0
C 1.0651561167 0.0231607421 -0.0296349603 6.0
H -2.4540330191 1.4190934586 -0.7680625484 1.0
H -0.9294290191 1.6575527967 -1.6445875214 1.0
H -1.1514076261 2.3480823849 -0.0205178861 1.0
H -0.8819427655 -2.2731997746 -0.717806244 1.0
H -1.1046636491 -1.1101401336 -2.0440967673 1.0
H -2.4119945325 -1.410687284 -0.8796618066 1.0
C 1.5692619598 1.388001279 0.4423001 6.0
C 1.5494048286 -0.2627897119 -1.4498879857 6.0
C 1.6009737996 -1.0595439242 0.9131979512 6.0
H 1.276993269 -0.8788731828 1.9357752146 1.0
H 2.6920803479 -1.0580555771 0.8760948689 1.0
H 1.2569741907 -2.0527998565 0.6221856956 1.0
H 1.1714220814 1.6352245335 1.4268083865 1.0
H 1.2992321381 2.1827812841 -0.2527595505 1.0
H 2.6582051114 1.3636827489 0.5141471108 1.0
H 2.6361432709 -0.1621381734 -1.4833629038 1.0
H 1.1340383183 0.436656336 -2.1774139698 1.0
H 1.3002543738 -1.2749319778 -1.7643406784 1.0
P0104-mp2-popt-dd-165 23 164.999999996 -653.195884857
P -0.7664687157 -0.0141939002 0.1164748264 15.0
O -1.2299849432 -0.1612407851 1.5230036413 8.0
C -1.3671139853 1.4843939413 -0.7023117344 6.0
C -1.3378047727 -1.3477971307 -0.9679480058 6.0
C 1.0646426613 0.0151226917 -0.0300781517 6.0
H -2.4493635032 1.4076744434 -0.7965124711 1.0
H -0.9316323376 1.6163011375 -1.6913231805 1.0
H -1.1372372465 2.3481753037 -0.0828871432 1.0
H -0.8914327393 -2.2911962383 -0.6595516154 1.0
H -1.1064863905 -1.159482309 -2.0141134741 1.0
H -2.4171928696 -1.4258063115 -0.8459803388 1.0
C 1.5698554788 1.3569927602 0.5044781626 6.0
C 1.5481991918 -0.2012352817 -1.4625690242 6.0
C 1.5962253465 -1.1091219522 0.8644687275 6.0
H 1.2631311184 -0.9769200787 1.8917623267 1.0
H 2.6875871134 -1.1017739414 0.8386204614 1.0
H 1.2608988451 -2.0891409125 0.523047501 1.0
H 1.1700520511 1.5586378183 1.4982892342 1.0
H 1.3006874364 2.1823846522 -0.1544377587 1.0
H 2.6587803402 1.328914626 0.5750614801 1.0
H 2.6358945983 -0.1093750056 -1.4899606813 1.0
H 1.1405579598 0.5387943655 -2.1527465525 1.0
H 1.2909566478 -1.1937343586 -1.8297117412 1.0
P0104-mp2-popt-dd-170 23 170.000000009 -653.196146223
P -0.765752229 -0.0103447685 0.1154309627 15.0
O -1.2263782343 -0.1069757341 1.527383162 8.0
C -1.3638481109 1.4668913105 -0.7436442908 6.0
C -1.3449718607 -1.3711898245 -0.9297307247 6.0
C 1.0646148052 0.0080240788 -0.0311489438 6.0
H -2.44880951 1.3994007355 -0.8104101501 1.0
H -0.950724236 1.560639156 -1.7461496007 1.0
H -1.1120367931 2.3485337364 -0.1588462179 1.0
H -0.9154183017 -2.3100983525 -0.5864993116 1.0
H -1.1003243073 -1.2191172564 -1.9788247219 1.0
H -2.4266678902 -1.4304843247 -0.818087337 1.0
C 1.5714802652 1.3231762902 0.5663137328 6.0
C 1.5503431868 -0.1378952265 -1.4715620218 6.0
C 1.5914829529 -1.1563771673 0.8128405277 6.0
H 1.2442714648 -1.0769203827 1.8411854632 1.0
H 2.682976862 -1.1400877581 0.8043197173 1.0
H 1.2701827334 -2.1203972527 0.4171470721 1.0
H 1.1727688618 1.4761758892 1.5688843329 1.0
H 1.3002187439 2.178929396 -0.0519024384 1.0
H 2.6606517829 1.2922145774 0.6315316435 1.0
H 2.6397870858 -0.0665830478 -1.4896782014 1.0
H 1.1609434163 0.6476829891 -2.1199237723 1.0
H 1.2764954526 -1.1033737473 -1.8952317831 1.0
P0104-mp2-popt-dd-175 23 175.000000005 -653.196238734
P -0.7652707815 -0.0055993963 0.1144765693 15.0
O -1.2227247865 -0.0531429563 1.530065791 8.0
C -1.3621511169 1.4457451286 -0.7886646917 6.0
C -1.3531612876 -1.395582848 -0.8861500662 6.0
C 1.0648950866 0.0029348874 -0.0324313741 6.0
H -2.4500927054 1.3988633594 -0.8090965779 1.0
H -0.98848628 1.4843759908 -1.8098410736 1.0
H -1.0705572289 2.3478867561 -0.2558607369 1.0
H -0.9571232401 -2.3284618853 -0.4908612919 1.0
H -1.0790146888 -1.2956185636 -1.9342294271 1.0
H -2.4385734385 -1.4235006849 -0.8011834628 1.0
C 1.5749990959 1.2860660657 0.6295901644 6.0
C 1.5539386984 -0.0708420014 -1.4770258336 6.0
C 1.5861784702 -1.2019422309 0.7562365683 6.0
H 1.2216448673 -1.1804168291 1.7817687826 1.0
H 2.6774102336 -1.1766685034 0.7697029193 1.0
H 1.2819111723 -2.1452384177 0.301926743 1.0
H 1.1818045107 1.3854238201 1.6406651289 1.0
H 1.2980417673 2.1726138453 0.0589772265 1.0
H 2.6647141733 1.2534208455 0.6839655713 1.0
H 2.6451363279 -0.0315198681 -1.4862598058 1.0
H 1.1920114342 0.764348895 -2.0767739955 1.0
H 1.2551264866 -1.0003673491 -1.9606077939 1.0
P0104-mp2-popt-dd-180 23 179.999998521 -653.196253538
P 0.7650961713 5.47482e-05 -0.1141586397 15.0
O 1.2208564703 -2.8656e-06 -1.5311323754 8.0
C 1.3592987922 1.4213474259 0.837317658 6.0
C 1.3595268645 -1.4209834719 0.8375407339 6.0
C -1.0650699165 -9.50317e-05 0.0331791426 6.0
H 2.4477297903 1.4094599237 0.8001207206 1.0
H 1.0378538897 1.38981244 1.8762292643 1.0
H 1.0136364325 2.3422747916 0.3732299589 1.0
H 1.0142100249 -2.3420691501 0.3735102113 1.0
H 1.0379137446 -1.3894539448 1.876402856 1.0
H 2.4479625806 -1.4088057038 0.8005381368 1.0
C -1.5804630739 1.2453112652 -0.6940011589 6.0
C -1.5556167135 -3.8484e-05 1.4790569321 6.0
C -1.5802561416 -1.245672776 -0.6938384031 6.0
H -1.1990901776 -1.2855599461 -1.7131548442 1.0
H -2.6707892787 -1.2146418592 -0.7299721395 1.0
H -1.291874121 -2.1624314982 -0.1791814087 1.0
H -1.1989466176 1.2853415307 -1.7131817672 1.0
H -1.2925888825 2.1621554721 -0.1792147743 1.0
H -2.670972533 1.213872322 -0.7305009919 1.0
H -2.6475566941 0.000110654 1.4846456901 1.0
H -1.2257274403 0.8848670101 2.0228703054 1.0
H -1.2259239265 -0.8850084952 2.0228824038 1.0
