13 4 0 1
0 180 5
37
P0102-mp2-popt-dd-000 17 2.09130978915e-06 -574.743217382
P -0.3624968638 -0.0065936272 0.1108275341 15.0
O -0.1096660944 -0.1118146999 1.5719022406 8.0
C -1.3060196987 1.4592943417 -0.3715010398 6.0
C -1.3163517407 -1.3822261328 -0.5743412354 6.0
C 1.1633827158 0.0601455987 -0.9018374447 6.0
H -2.2683466888 1.4484690375 0.1369402084 1.0
H -1.463937612 1.492582125 -1.4485427968 1.0
H -0.7589304235 2.3475474953 -0.0602202986 1.0
H -0.7758712554 -2.3096390159 -0.3927343778 1.0
H -1.4740518251 -1.2610156663 -1.645089627 1.0
H -2.278803864 -1.436789485 -0.0689539481 1.0
H 1.1537942711 0.9795403189 -1.4887358635 1.0
H 1.1474240997 -0.766465374 -1.6133766582 1.0
C 2.4170476757 -0.0066656502 -0.0298246618 6.0
H 2.4430612529 0.8187759659 0.6770194864 1.0
H 3.312699352 0.0341270169 -0.6470644605 1.0
H 2.4367133389 -0.9243232996 0.5525664562 1.0
P0102-mp2-popt-dd-005 17 5.00000000409 -574.743311294
P -0.3626968484 -0.00249988 0.1111700279 15.0
O -0.1120062494 -0.0967371722 1.5733656752 8.0
C -1.3702537221 1.4154261953 -0.3833507636 6.0
C -1.2482706619 -1.4247313933 -0.5715046858 6.0
C 1.1631112262 0.1286452016 -0.8944940539 6.0
H -2.3401283328 1.3544553731 0.1068688158 1.0
H -1.5098839846 1.4436487365 -1.4631215832 1.0
H -0.8742065491 2.3290525337 -0.0604503533 1.0
H -0.6585482516 -2.322976683 -0.3962121596 1.0
H -1.4210010577 -1.3102822712 -1.640611054 1.0
H -2.2021189649 -1.5310470719 -0.0580991489 1.0
H 1.1593627841 1.0939967201 -1.4027809167 1.0
H 1.1414342867 -0.6356755501 -1.6722167442 1.0
C 2.416223011 -0.0083092425 -0.0299671065 6.0
H 2.4320781985 0.7494607574 0.7488645243 1.0
H 3.312358897 0.0947658233 -0.6391647178 1.0
H 2.4449352419 -0.9753044394 0.4665576319 1.0
P0102-mp2-popt-dd-010 17 9.99999999825 -574.743581151
P -0.36330203 0.0012978216 0.1116429215 15.0
O -0.1190361589 -0.0812850608 1.5756316971 8.0
C -1.4298241257 1.3691870485 -0.3984602831 6.0
C -1.1767189506 -1.4639527985 -0.5706861299 6.0
C 1.1617571221 0.1960268212 -0.8825423103 6.0
H -2.4052927041 1.2588789205 0.0716117885 1.0
H -1.549006902 1.3934905393 -1.4808270444 1.0
H -0.9858936315 2.3050949769 -0.0639549786 1.0
H -0.5405446616 -2.3307600383 -0.3992187834 1.0
H -1.3604279831 -1.3577680699 -1.6387518569 1.0
H -2.1210598366 -1.6205552305 -0.0525982951 1.0
H 1.1630720532 1.2000382591 -1.3100250252 1.0
H 1.1344732337 -0.5021905926 -1.71985806 1.0
C 2.4138421655 -0.0095418531 -0.0303718502 6.0
H 2.4206402804 0.6773285402 0.8115316449 1.0
H 3.3108934868 0.1510960973 -0.6255229032 1.0
H 2.449409905 -1.016572187 0.3794227456 1.0
P0102-mp2-popt-dd-015 17 15.0000000036 -574.743995472
P -0.3642765216 0.0045596485 0.1121982027 15.0
O -0.1309183414 -0.0655138003 1.5786140133 8.0
C -1.4843339236 1.3210482948 -0.4167903514 6.0
C -1.1024765117 -1.4996105126 -0.5716093659 6.0
C 1.1595171433 0.2618054699 -0.8661741716 6.0
H -2.4632574182 1.1628182469 0.0319137221 1.0
H -1.5816624856 1.3423833776 -1.5014412103 1.0
H -1.0928513836 2.2761343753 -0.0713845219 1.0
H -0.4233913785 -2.3333833542 -0.4006400452 1.0
H -1.2922322521 -1.4029058993 -1.6394592754 1.0
H -2.0371162941 -1.7042178563 -0.0526663184 1.0
H 1.1648532658 1.296916512 -1.2123075792 1.0
H 1.1271331957 -0.368034505 -1.7558954684 1.0
C 2.4102005132 -0.0100877249 -0.0309500628 6.0
H 2.4101116969 0.6054337533 0.8643556709 1.0
H 3.3085559885 0.2012893437 -0.6078872399 1.0
H 2.4497268231 -1.0478659843 0.2940622266 1.0
P0102-mp2-popt-dd-020 17 20.000000001 -574.744509601
P -0.365540885 0.0071367994 0.1127891837 15.0
O -0.1478331919 -0.049549038 1.5821755468 8.0
C -1.533508688 1.2714730844 -0.4383550229 6.0
C -1.0263604081 -1.531518722 -0.5738773374 6.0
C 1.1566159584 0.325580547 -0.8456147339 6.0
H -2.5136657552 1.0674894005 -0.0113421352 1.0
H -1.6084136002 1.2903021635 -1.5248491413 1.0
H -1.193995349 2.242831724 -0.0836290046 1.0
H -0.3086567205 -2.331499747 -0.399147935 1.0
H -1.2163938334 -1.4452312457 -1.642515499 1.0
H -1.9519362314 -1.781054997 -0.0583602856 1.0
H 1.1648496961 1.3844273018 -1.1111567291 1.0
H 1.1199152351 -0.2349445255 -1.7804743188 1.0
C 2.4056695077 -0.009779796 -0.0315987381 6.0
H 2.4011498627 0.5354908685 0.9081252501 1.0
H 3.3056252524 0.2453596588 -0.5878479127 1.0
H 2.4464080072 -1.0699954187 0.2118579527 1.0
P0102-mp2-popt-dd-025 17 24.9999999958 -574.745072122
P -0.3670367453 0.008935576 0.1133769942 15.0
O -0.1699124391 -0.0335792735 1.5861212585 8.0
C -1.577140811 1.2209323128 -0.4632094843 6.0
C -0.9492993809 -1.5596172688 -0.576970418 6.0
C 1.1533449336 0.3870364829 -0.8210894629 6.0
H -2.5564491618 0.9739871045 -0.0574569823 1.0
H -1.629607112 1.2370332007 -1.5510553914 1.0
H -1.2883803277 2.2059839389 -0.1014964834 1.0
H -0.1979836269 -2.3260059076 -0.3933216195 1.0
H -1.1329786929 -1.4843255498 -1.647502122 1.0
H -1.8673736714 -1.8502728311 -0.0696438401 1.0
H 1.1632638966 1.4627668927 -1.0075818952 1.0
H 1.1133033437 -0.1040876373 -1.794201438 1.0
C 2.4007382578 -0.0084886487 -0.0322433455 6.0
H 2.3939691944 0.4679894412 0.9442177487 1.0
H 3.3023993 0.2846371858 -0.5664385021 1.0
H 2.4407405243 -1.0840385029 0.1328777606 1.0
P0102-mp2-popt-dd-030 17 29.9999999934 -574.745631261
P -0.3687060348 0.0099050365 0.1139420177 15.0
O -0.1972526656 -0.0178636539 1.5902155342 8.0
C -1.6150374596 1.169897035 -0.4914444234 6.0
C -0.8723102871 -1.5839720948 -0.5802767918 6.0
C 1.1499790347 0.4459282109 -0.792786096 6.0
H -2.5917207283 0.8834133627 -0.105833447 1.0
H -1.6454307843 1.1822384774 -1.5801474996 1.0
H -1.3750903888 2.1665046934 -0.1258231158 1.0
H -0.0932658204 -2.3181065645 -0.3814234839 1.0
H -1.04189288 -1.5199503243 -1.6538268037 1.0
H -1.7855583861 -1.9111208693 -0.0866275347 1.0
H 1.1602806964 1.5323124779 -0.9020778175 1.0
H 1.1076340732 0.0239079418 -1.7978660657 1.0
C 2.3959907819 -0.006065563 -0.0329065208 6.0
H 2.3884048178 0.4022182027 0.9740984782 1.0
H 3.2991738335 0.321493824 -0.5438909987 1.0
H 2.4347185888 -1.0908647302 0.0559213736 1.0
P0102-mp2-popt-dd-035 17 35.0000000032 -574.74613912
P 0.3705167102 -0.0100311403 0.1144910313 15.0
O 0.2299022845 0.0027506731 1.5941911745 8.0
C 1.646959528 -1.1189011019 -0.5231564633 6.0
C 0.7964106123 1.6048234227 -0.5831219905 6.0
C -1.1467263719 -0.5020795838 -0.7608636487 6.0
H 2.6197190447 -0.7969858606 -0.1559834324 1.0
H 1.6558150388 -1.1255581721 -1.6122414883 1.0
H 1.4531105955 -2.1254317803 -0.1574218319 1.0
H -0.0034905035 2.3092249362 -0.3614911067 1.0
H 0.9427825356 1.5521177203 -1.6606739534 1.0
H 1.7086876325 1.9630750646 -0.1096457571 1.0
H -1.1560037994 -1.5934694587 -0.7947375991 1.0
H -1.103035141 -0.1489046266 -1.7922690663 1.0
C -2.3920285191 0.0023124573 -0.033726825 6.0
H -2.3842625677 -0.3369489447 0.9987586918 1.0
H -3.2962067959 -0.358443891 -0.5198681942 1.0
H -2.4304630971 1.0908073451 -0.0207532087 1.0
P0102-mp2-popt-dd-040 17 40.0000000026 -574.746557087
P 0.3724753096 -0.0094099497 0.1150571977 15.0
O 0.2677873281 -0.011371008 1.5977516666 8.0
C 1.6727474363 -1.0685087159 -0.5583805541 6.0
C 0.7223392565 1.6225052509 -0.584842972 6.0
C -1.1437026435 -0.5553570824 -0.7255094674 6.0
H 2.6408553585 -0.7159960131 -0.2073210506 1.0
H 1.6607315782 -1.0664993168 -1.6473806923 1.0
H 1.5214555055 -2.0839209033 -0.1971555689 1.0
H -0.0905083748 2.3006475055 -0.3315052375 1.0
H 0.8347310197 1.5809992381 -1.6669519899 1.0
H 1.6385040941 2.0059963308 -0.139414496 1.0
H -1.1506187744 -1.6465492285 -0.6855073073 1.0
H -1.0993584957 -0.2710498756 -1.7781232341 1.0
C -2.3892732163 -0.0028206094 -0.0349040101 6.0
H -2.3812702996 -0.2706387103 1.0186001524 1.0
H -3.2936397085 -0.3973599789 -0.4935718774 1.0
H -2.4295932912 1.0838199186 -0.0989443606 1.0
P0102-mp2-popt-dd-045 17 45.0000000042 -574.746859917
P 0.3746101296 -0.0082758159 0.1156720977 15.0
O 0.3106906866 -0.0241534471 1.6005664786 8.0
C 1.6924301346 -1.0192480631 -0.597012163 6.0
C 0.650367064 1.6373303855 -0.5849146032 6.0
C -1.1409411053 -0.6056548392 -0.6869593756 6.0
H 2.6557439077 -0.6416029685 -0.2590998423 1.0
H 1.6603201061 -1.0045503589 -1.6854219592 1.0
H 1.5793760623 -2.043086467 -0.2456811691 1.0
H -0.1667607613 2.2930897857 -0.2905700835 1.0
H 0.7170849454 1.6066342131 -1.671179373 1.0
H 1.5753418138 2.0405218161 -0.176548622 1.0
H -1.144590138 -1.6917381562 -0.5744309351 1.0
H -1.096281358 -0.3904566642 -1.7559817846 1.0
C -2.3878025824 -0.0091000053 -0.0365723011 6.0
H -2.379463015 -0.2023970583 1.0333781943 1.0
H -3.2914999652 -0.4381659899 -0.4644467814 1.0
H -2.4322899289 1.0698076727 -0.1791767263 1.0
P0102-mp2-popt-dd-050 17 49.9999999956 -574.747037054
P 0.3770091818 -0.0069341806 0.1163757062 15.0
O 0.3582860637 -0.035364801 1.6023079724 8.0
C 1.7061267282 -0.9716235542 -0.6388278392 6.0
C 0.5803036445 1.6495201401 -0.5830078581 6.0
C -1.1384254512 -0.6528575907 -0.6454915273 6.0
H 2.6651767859 -0.5745755327 -0.3111412635 1.0
H 1.654372935 -0.9397334634 -1.7260242897 1.0
H 1.6265443656 -2.0037986158 -0.3029718952 1.0
H -0.232641423 2.2861951272 -0.2399138666 1.0
H 0.5906616388 1.6286917034 -1.6715559872 1.0
H 1.5174297055 2.0683260633 -0.2205455913 1.0
H -1.138583519 -1.7291382371 -0.4618835314 1.0
H -1.0934232227 -0.5069515161 -1.7262657617 1.0
C -2.387338399 -0.0159995437 -0.0387578275 6.0
H -2.3789935 -0.132193462 1.0425760462 1.0
H -3.2896737316 -0.4791279718 -0.4325911279 1.0
H -2.4373223226 1.0490496715 -0.2606438407 1.0
P0102-mp2-popt-dd-055 17 55.0000000003 -574.747088612
P 0.3797467104 -0.0056134372 0.117178914 15.0
O 0.4102054413 -0.0449586782 1.6026338828 8.0
C 1.7139380735 -0.9260694893 -0.6835475802 6.0
C 0.5120168242 1.6592054612 -0.5790082935 6.0
C -1.1361802782 -0.6967957005 -0.6013350191 6.0
H 2.6698823629 -0.5146015682 -0.3646580818 1.0
H 1.6417765156 -0.8735757122 -1.7686986875 1.0
H 1.6635450244 -1.9663448552 -0.3674776286 1.0
H -0.2902066049 2.2787258917 -0.1837362706 1.0
H 0.4597021696 1.6463782933 -1.6665510496 1.0
H 1.461399391 2.0918905405 -0.2683663285 1.0
H -1.1332747128 -1.7588326151 -0.3484775216 1.0
H -1.0906351675 -0.6199502599 -1.6892881952 1.0
C -2.387523173 -0.022988062 -0.0412956755 6.0
H -2.3802853323 -0.0611899065 1.045900399 1.0
H -3.2881059133 -0.5177732155 -0.3989735597 1.0
H -2.4428428966 1.022336891 -0.3411899138 1.0
P0102-mp2-popt-dd-060 17 60.0000000082 -574.747018566
P 0.3828559426 -0.0043301864 0.1180434055 15.0
O 0.466024564 -0.0530162892 1.60116942 8.0
C 1.715811294 -0.8830147034 -0.7308705341 6.0
C 0.4459047603 1.6665664448 -0.5728646068 6.0
C -1.1343117923 -0.7372944043 -0.5546464522 6.0
H 2.6702159689 -0.4605898641 -0.4218285968 1.0
H 1.62078808 -0.8088402612 -1.8129221922 1.0
H 1.6913923978 -1.9306288267 -0.4365173807 1.0
H -0.3418050834 2.269888582 -0.1269114682 1.0
H 0.3304070349 1.6592952147 -1.6556764563 1.0
H 1.4047282899 2.1132687909 -0.3155637734 1.0
H -1.1289724934 -1.7809821038 -0.2348601525 1.0
H -1.0880732242 -0.7287992144 -1.6453442663 1.0
C -2.3882249876 -0.0298916053 -0.0438937607 6.0
H -2.3833664578 0.0095925227 1.0435673058 1.0
H -3.2868833614 -0.5529466958 -0.3642678895 1.0
H -2.4479333799 0.9903654474 -0.4191818726 1.0
P0102-mp2-popt-dd-065 17 64.9999999966 -574.746828216
P 0.3862575258 -0.0029344359 0.1188922606 15.0
O 0.5253293896 -0.0596376372 1.5974972492 8.0
C 1.7115827036 -0.842864216 -0.7804246838 6.0
C 0.3830265222 1.6719638217 -0.5647076924 6.0
C -1.1329923576 -0.7741966302 -0.5054868131 6.0
H 2.6660412713 -0.4108060428 -0.4851636626 1.0
H 1.589616845 -0.749056401 -1.8581967552 1.0
H 1.7115228572 -1.8964391809 -0.5068309286 1.0
H -0.3896384459 2.2594663807 -0.0737729165 1.0
H 0.2094910889 1.667490693 -1.6398761841 1.0
H 1.3468281467 2.1337008818 -0.3573401389 1.0
H -1.1255582588 -1.7956377636 -0.1209918257 1.0
H -1.0861053828 -0.8333260957 -1.5946637605 1.0
C -2.3896273649 -0.0369447735 -0.0461576274 6.0
H -2.3893997154 0.0770600249 1.0363213466 1.0
H -3.2861897692 -0.5838981327 -0.33055014 1.0
H -2.4518459036 0.9542975499 -0.4917200117 1.0
P0102-mp2-popt-dd-070 17 69.9999999957 -574.746518429
P -0.3899388372 0.0013756987 0.1195538049 15.0
O -0.5874922316 0.0648652344 1.591178357 8.0
C -1.7012038349 0.8060585869 -0.831783355 6.0
C -0.3242958542 -1.6758900619 -0.5545193363 6.0
C 1.1323159613 0.8074414636 -0.453845326 6.0
H -2.6568949535 0.3639569647 -0.556020131 1.0
H -1.5473403561 0.6970912312 -1.903999544 1.0
H -1.7251627136 1.8638409378 -0.5757652402 1.0
H 0.434917974 -2.2474604997 -0.0253882832 1.0
H -0.1006961451 -1.6723562405 -1.6205022285 1.0
H -1.2887209869 -2.1535139888 -0.3905474627 1.0
H 1.1230080914 1.8027914346 -0.0065739657 1.0
H 1.0850942189 0.9338763336 -1.5373135233 1.0
C 2.3918618926 0.0442804827 -0.0478241311 6.0
H 2.3978332407 -0.1418042267 1.0248520979 1.0
H 3.2861312092 0.6118006164 -0.297092934 1.0
H 2.4553477484 -0.9143332996 -0.5593154858 1.0
P0102-mp2-popt-dd-075 17 74.9999999981 -574.746094127
P -0.3938449779 -0.0003507951 0.1199319581 15.0
O -0.651854772 0.068662873 1.5818983489 8.0
C -1.6847358131 0.7729321889 -0.8844809586 6.0
C -0.2705421626 -1.678768333 -0.5425492248 6.0
C 1.1323521153 0.8370347123 -0.3996738614 6.0
H -2.6422584539 0.319805893 -0.6341463002 1.0
H -1.4943420229 0.6538240426 -1.9497133456 1.0
H -1.7327509398 1.8332667249 -0.6425148184 1.0
H 0.4772960844 -2.2346481651 0.018470933 1.0
H -0.0050690699 -1.6752459709 -1.5989470941 1.0
H -1.2324401858 -2.1723052083 -0.4148288921 1.0
H 1.1212644922 1.8022191758 0.1090260766 1.0
H 1.0851147669 1.0311024496 -1.4731070495 1.0
C 2.3950222959 0.0520153922 -0.0486904452 6.0
H 2.4086799892 -0.2033520846 1.0097719889 1.0
H 3.2867599922 0.6371967361 -0.2640647784 1.0
H 2.4586123223 -0.8709433481 -0.6217149093 1.0
P0102-mp2-popt-dd-080 17 79.9999999997 -574.745568132
P -0.3979667414 -0.0021542893 0.1199510245 15.0
O -0.7177072677 0.070971468 1.5694597575 8.0
C -1.6623193234 0.7438193999 -0.9380249822 6.0
C -0.2222006592 -1.6809305982 -0.5291459798 6.0
C 1.1330626401 0.8629616438 -0.3429014085 6.0
H -2.6216518199 0.2785706339 -0.7188017926 1.0
H -1.4313278785 0.6195678579 -1.9946024713 1.0
H -1.7345767218 1.8052221397 -0.706765414 1.0
H 0.5158438892 -2.2217404588 0.0588797203 1.0
H 0.0783214709 -1.677348571 -1.5761324202 1.0
H -1.1797591295 -2.1895454189 -0.4314238835 1.0
H 1.12037989 1.7934700853 0.2264013833 1.0
H 1.0860571479 1.1256229893 -1.4016195975 1.0
C 2.3989872565 0.0600450418 -0.0486765258 6.0
H 2.421570738 -0.262038952 0.9914301601 1.0
H 3.2879833211 0.6604530298 -0.2312030108 1.0
H 2.4616544381 -0.8244533638 -0.6793036537 1.0
P0102-mp2-popt-dd-085 17 84.9999999991 -574.744962685
P -0.4023120886 -0.0039279859 0.1195645337 15.0
O -0.7843839147 0.071723805 1.5537804579 8.0
C -1.6340602542 0.7191007772 -0.9919161759 6.0
C -0.1795322728 -1.6826369782 -0.5147522326 6.0
C 1.1343332426 0.8851281685 -0.2834484949 6.0
H -2.594644544 0.2409328838 -0.8089963703 1.0
H -1.3590732467 0.5943326354 -2.0378560906 1.0
H -1.7306390144 1.7802838562 -0.768467788 1.0
H 0.5495480786 -2.209364281 0.0967373981 1.0
H 0.1508779071 -1.6794788033 -1.5526678745 1.0
H -1.1320107696 -2.2048296046 -0.4421050291 1.0
H 1.1203763285 1.775923739 0.3458864521 1.0
H 1.0876650634 1.2177157172 -1.3222596458 1.0
C 2.4035599603 0.0682042434 -0.047788025 6.0
H 2.4359401189 -0.3185663563 0.9698666603 1.0
H 3.2896303503 0.6818407586 -0.1979674583 1.0
H 2.4644819728 -0.7748844526 -0.7327768724 1.0
P0102-mp2-popt-dd-090 17 89.9999999995 -574.744308846
P -0.4068719909 -0.0055534767 0.1187454492 15.0
O -0.8511324279 0.0708976517 1.5349013606 8.0
C -1.6001454285 0.6991181789 -1.0456148366 6.0
C -0.1426505565 -1.6840240479 -0.4999815376 6.0
C 1.1360406317 0.903439797 -0.2212527449 6.0
H -2.5608127407 0.2072887853 -0.9040432949 1.0
H -1.2782395892 0.5781936879 -2.0785751645 1.0
H -1.7212666964 1.7589089264 -0.8274911259 1.0
H 0.5763290309 -2.1986608766 0.1333432809 1.0
H 0.2152581197 -1.6820743793 -1.5286634968 1.0
H -1.0904268068 -2.2173749131 -0.450156718 1.0
H 1.1212945675 1.7486648646 0.4678466235 1.0
H 1.0896663922 1.3076956901 -1.2342086008 1.0
C 2.4083615266 0.0762260878 -0.0460610768 6.0
H 2.4511583352 -0.3734510683 0.9450380875 1.0
H 3.2915202391 0.701090731 -0.1640038875 1.0
H 2.4666958424 -0.7224102331 -0.7825022843 1.0
P0102-mp2-popt-dd-095 17 95.0000000073 -574.743644612
P -0.4116510424 -0.0069220689 0.1174618252 15.0
O -0.917429011 0.0684180461 1.5129067395 8.0
C -1.5606324191 0.6843856195 -1.0985317077 6.0
C -0.1115151776 -1.6851799438 -0.4854358064 6.0
C 1.13796505 0.9175918602 -0.1562395189 6.0
H -2.5199326403 0.1790785162 -1.0025172783 1.0
H -1.1897435448 0.5709214242 -2.1158480756 1.0
H -1.7059376673 1.741839837 -0.8838493243 1.0
H 0.595564506 -2.1899406123 0.1688593453 1.0
H 0.272912299 -1.6851204798 -1.5043853818 1.0
H -1.0553671274 -2.2270669097 -0.4575749123 1.0
H 1.1230428463 1.7107942536 0.5919921932 1.0
H 1.09171884 1.3950716549 -1.1366491756 1.0
C 2.4130598945 0.0838396661 -0.0436047824 6.0
H 2.4660691907 -0.428233403 0.9161889194 1.0
H 3.2933918224 0.7181485773 -0.1279097764 1.0
H 2.468454007 -0.6661858492 -0.8296720836 1.0
P0102-mp2-popt-dd-100 17 99.9999999942 -574.743013071
P -0.4166265244 -0.0079815998 0.1157328731 15.0
O -0.9827551546 0.0642523216 1.4879799481 8.0
C -1.5155835276 0.6754402662 -1.1500114771 6.0
C -0.0861260969 -1.6861122363 -0.471899677 6.0
C 1.139910844 0.9272165535 -0.0884014287 6.0
H -2.4718217934 0.157533305 -1.1033416974 1.0
H -1.0942719389 0.5724309254 -2.1487146351 1.0
H -1.6842541405 1.7298029275 -0.9372837824 1.0
H 0.6055832594 -2.1841152042 0.203634331 1.0
H 0.3259880058 -1.6883602718 -1.4798107736 1.0
H -1.0273163685 -2.2333504391 -0.4675485244 1.0
H 1.1254884322 1.6612217425 0.7178867823 1.0
H 1.0935041477 1.4791556799 -1.0287121425 1.0
C 2.4173069594 0.0908410882 -0.0405461506 6.0
H 2.4797605694 -0.4837942674 0.8824418423 1.0
H 3.2950773101 0.7325078059 -0.0886975068 1.0
H 2.4696907191 -0.6054021612 -0.8748436361 1.0
P0102-mp2-popt-dd-105 17 105.000000007 -574.742459615
P -0.4217668027 0.0086500801 -0.1135618082 15.0
O -1.046661993 -0.0583339603 -1.460329925 8.0
C -1.4650929626 -0.6728823153 1.1993095917 6.0
C -0.0664001917 1.6867668383 0.4601561012 6.0
C 1.1416926873 -0.9318306447 0.0177504055 6.0
H -2.4165480712 -0.1442307294 1.2050580802 1.0
H -0.9926932985 -0.5823989987 2.1762324229 1.0
H -1.6555434996 -1.7236798456 0.9874634805 1.0
H 0.6044163421 2.1820225403 -0.2380769056 1.0
H 0.3769311358 1.6914133207 1.454538895 1.0
H -1.0064136444 2.2355953699 0.48361594 1.0
H 1.1284549701 -1.5986741248 -0.8448880354 1.0
H 1.0947725731 -1.5589758655 0.9094426411 1.0
C 2.4207515701 -0.0969805467 0.0370872849 6.0
H 2.4910340387 0.5413175612 -0.8422884362 1.0
H 3.2963968596 -0.743356541 0.0449276461 1.0
H 2.470560008 0.5386533798 0.9186725709 1.0
P0102-mp2-popt-dd-110 17 109.999999999 -574.742029831
P 0.4270017052 -0.0089744151 -0.1110066254 15.0
O 1.1088799809 0.0507654803 -1.430163583 8.0
C 1.4092925719 0.6774452505 1.2454760407 6.0
C 0.0521457706 -1.6870451585 0.4511291805 6.0
C -1.1431147812 0.9308296476 -0.0555020696 6.0
H 2.3546428536 0.1413533626 1.305859199 1.0
H 0.8861661213 0.6005264694 2.1975262165 1.0
H 1.61862174 1.7245887231 1.0335244866 1.0
H -0.5909332969 -2.1843229861 -0.2713573137 1.0
H -0.427252927 -1.6935549753 1.4284281713 1.0
H 0.9921751056 -2.2333722645 0.5087213047 1.0
H -1.1317788259 1.522564708 -0.9713217224 1.0
H -1.0954552826 1.6324320522 0.7786483596 1.0
C -2.4230697635 0.1020092968 0.0333004678 6.0
H -2.4985781395 -0.6018158852 -0.7938329567 1.0
H -3.2973263186 0.7492303372 -0.0049429301 1.0
H -2.4713128634 -0.4642044386 0.9612344093 1.0
P0102-mp2-popt-dd-115 17 114.999999993 -574.741764685
P 0.4322619263 -0.0088137833 -0.1081002143 15.0
O 1.1691201014 0.0416042599 -1.3977049579 8.0
C 1.3484606429 0.6896943684 1.2875689439 6.0
C 0.0431914913 -1.6867297197 0.445683528 6.0
C -1.1441433614 0.9234787894 -0.1312101697 6.0
H 2.2864326775 0.1500338127 1.4043442323 1.0
H 0.7755119913 0.6267249526 2.2117094676 1.0
H 1.5733718094 1.7332907056 1.0743048994 1.0
H -0.5633442104 -2.1913425467 -0.3029126572 1.0
H -0.4785408209 -1.6944028813 1.400841634 1.0
H 0.9838349763 -2.2258583144 0.545822964 1.0
H -1.1353839271 1.4313833855 -1.0961413413 1.0
H -1.0956506927 1.6980134146 0.635486693 1.0
C -2.4239733813 0.1055298372 0.0294655 6.0
H -2.5013673466 -0.6653046335 -0.7350800123 1.0
H -3.2977693629 0.7481289346 -0.0614886452 1.0
H -2.4719061094 -0.380780379 1.0018878255 1.0
P0102-mp2-popt-dd-120 17 119.999999997 -574.741694222
P 0.4374368548 -0.0082479302 -0.1049161472 15.0
O 1.2272869714 0.0312833641 -1.3630843614 8.0
C 1.2829579764 0.7102846131 1.3243736486 6.0
C 0.0392326459 -1.6855442942 0.4450631576 6.0
C -1.1447395846 0.9089637509 -0.2090542334 6.0
H 2.2126241533 0.1718641587 1.4987422818 1.0
H 0.6618969056 0.6612310352 2.2179386022 1.0
H 1.5195061931 1.7505651772 1.1077557211 1.0
H -0.5239160822 -2.2023554937 -0.3288082863 1.0
H -0.5282494 -1.6933622896 1.3735862405 1.0
H 0.9798872599 -2.2132719673 0.5941005504 1.0
H -1.1390593249 1.3250828431 -1.2171091325 1.0
H -1.0956859118 1.7527098945 0.4805879939 1.0
C -2.4232318026 0.1070958755 0.0253988197 6.0
H -2.4999311204 -0.7292854451 -0.6665298173 1.0
H -3.2977097801 0.7381999784 -0.1220852854 1.0
H -2.4710309701 -0.290179546 1.0377420874 1.0
P0102-mp2-popt-dd-125 17 124.999999999 -574.741824812
P 0.4423258148 -0.0073800993 -0.1015577634 15.0
O 1.2833588069 0.0204613883 -1.3263420302 8.0
C 1.2132388447 0.7396498572 1.3546171671 6.0
C 0.0401775739 -1.6831973796 0.4507707567 6.0
C -1.1449518482 0.8864652362 -0.2886957539 6.0
H 2.1335507366 0.2074792028 1.5876887123 1.0
H 0.5462520345 0.7048572105 2.2153105237 1.0
H 1.4579131013 1.7766036759 1.1313965533 1.0
H -0.4791791558 -2.2154954648 -0.3431508759 1.0
H -0.5696176609 -1.6899089194 1.351933409 1.0
H 0.9798073646 -2.1967261375 0.6481404781 1.0
H -1.1425524892 1.2043273934 -1.3320524593 1.0
H -1.0959750664 1.7934296661 0.3153591135 1.0
C -2.4207798698 0.1062443963 0.020632368 6.0
H -2.4965632956 -0.789518363 -0.5922087881 1.0
H -3.2971093445 0.7195544282 -0.18103307 1.0
H -2.4661332014 -0.1978899295 1.0651634107 1.0
P0102-mp2-popt-dd-130 17 130.000000003 -574.74213706
P 0.4467607699 -0.0063439494 -0.0981167719 15.0
O 1.3371095667 0.0099583071 -1.2876518887 8.0
C 1.1398809758 0.7778633167 1.3771217983 6.0
C 0.0461636326 -1.6794948643 0.463888508 6.0
C -1.14482424 0.8552181506 -0.3695125494 6.0
H 2.0499512022 0.2574715982 1.669367552 1.0
H 0.4297376984 0.7574650196 2.2031906253 1.0
H 1.3892629561 1.8112902269 1.1432002378 1.0
H -0.4335525494 -2.2297472713 -0.3428385389 1.0
H -0.5985824398 -1.6836565334 1.3402831491 1.0
H 0.9845154049 -2.1766885133 0.7044769662 1.0
H -1.1455172723 1.0698351466 -1.4390245219 1.0
H -1.0967691195 1.8176851056 0.141624191 1.0
C -2.4167799725 0.1027770107 0.0149399184 6.0
H -2.4929034408 -0.8439166352 -0.5154232741 1.0
H -3.2959579976 0.6938190646 -0.2350397331 1.0
H -2.4561163212 -0.1077443169 1.0828381366 1.0
P0102-mp2-popt-dd-135 17 134.999999999 -574.74259494
P 0.4506745402 -0.0052066597 -0.0946916248 15.0
O 1.3880981509 0.0007160651 -1.2474842829 8.0
C 1.0635312518 0.8243671179 1.3909233405 6.0
C 0.0574023407 -1.674217768 0.4848494831 6.0
C -1.1443898814 0.814582863 -0.4504957057 6.0
H 1.9629839991 0.3220573766 1.7417478608 1.0
H 0.3135925116 0.8174214022 2.1813708038 1.0
H 1.3137619589 1.8540489548 1.1420259855 1.0
H -0.3873735103 -2.2452012856 -0.3276870133 1.0
H -0.6151997393 -1.6743218738 1.339970557 1.0
H 0.9950604901 -2.1525470789 0.7633969647 1.0
H -1.1476639742 0.9220765542 -1.5361382684 1.0
H -1.0981941294 1.8236921573 -0.0386622476 1.0
C -2.4114903342 0.0967424181 0.008532501 6.0
H -2.4892483932 -0.8926046434 -0.4365974956 1.0
H -3.2942726268 0.6622395971 -0.2841683701 1.0
H -2.4417759736 -0.0201758635 1.091274417 1.0
P0102-mp2-popt-dd-140 17 139.999999995 -574.743153864
P -0.4540323856 0.0039964881 -0.0913454555 15.0
O -1.4357757384 0.0061300926 -1.206536844 8.0
C -0.9850789913 -0.878012906 1.3953411531 6.0
C -0.0740721224 1.6671186479 0.5135545207 6.0
C 1.1437142831 -0.764092555 -0.5302562436 6.0
H -1.874259308 -0.4006973149 1.8026813436 1.0
H -0.1993533764 -0.882266711 2.1502760039 1.0
H -1.2317003001 -1.903707097 1.1272384183 1.0
H 0.339188562 2.2619985883 -0.2986931689 1.0
H 0.6209427376 1.661859867 1.3504762445 1.0
H -1.0120340367 2.1232897418 0.8261371965 1.0
H 1.1487760697 -0.7617161233 -1.6213100357 1.0
H 1.1003310887 -1.8100542787 -0.2231554755 1.0
C 2.4053088508 -0.0883115515 0.0017348886 6.0
H 2.4854219254 0.9359752323 -0.3549072091 1.0
H 3.2921337392 -0.6253676866 -0.3297105377 1.0
H 2.4247702648 -0.0657455609 1.0910412613 1.0
P0102-mp2-popt-dd-145 17 144.999999997 -574.743765315
P -0.4568249924 0.0027309262 -0.088114611 15.0
O -1.479513061 0.0093136234 -1.1657456961 8.0
C -0.9056214936 -0.9370999807 1.3901070702 6.0
C -0.0963477334 1.657914499 0.5494833729 6.0
C 1.1428997582 -0.7035640146 -0.6070705899 6.0
H -1.7860114436 -0.4922146582 1.8498993675 1.0
H -0.0889473337 -0.9487368235 2.1113011609 1.0
H -1.1431718536 -1.9585708293 1.0987749312 1.0
H 0.2871274205 2.2799426919 -0.2572238547 1.0
H 0.6172804672 1.6464883742 1.3704845405 1.0
H -1.0356683333 2.0878910796 0.8934828385 1.0
H 1.1486544198 -0.5899131764 -1.6922877217 1.0
H 1.1031931427 -1.7757821884 -0.409014409 1.0
C 2.3987914495 -0.0777524202 -0.0051944314 6.0
H 2.4813545092 0.9739156758 -0.2694709933 1.0
H 3.2897076366 -0.5833327205 -0.3731172018 1.0
H 2.4071125935 -0.1510456676 1.0822101557 1.0
P0102-mp2-popt-dd-150 17 150.0 -574.744376301
P -0.4590554717 0.0014073932 -0.0849999635 15.0
O -1.5185727447 0.007593788 -1.1263346909 8.0
C -0.8264767874 -0.9994726045 1.3754736007 6.0
C -0.1244552595 1.6463015847 0.5918397337 6.0
C 1.1420468141 -0.6332032126 -0.6790308668 6.0
H -1.7008874392 -0.5946692191 1.8814513384 1.0
H 0.0153952689 -1.0132200802 2.0668573518 1.0
H -1.0482811943 -2.01644936 1.0572861132 1.0
H 0.2294025732 2.2985650491 -0.2046439914 1.0
H 0.6053898736 1.6284726341 1.3983339715 1.0
H -1.065984278 2.0453844157 0.9656568029 1.0
H 1.1470863499 -0.4084283285 -1.746869632 1.0
H 1.1067525267 -1.7204256449 -0.5929670338 1.0
C 2.3926591748 -0.0653971355 -0.0121906577 6.0
H 2.4771160134 1.0058351116 -0.1795354162 1.0
H 3.2873373473 -0.535701429 -0.415966403 1.0
H 2.3912403035 -0.2367030126 1.0642611731 1.0
P0102-mp2-popt-dd-155 17 154.999999999 -574.744935627
P -0.4607517989 7.9079e-06 -0.0819515984 15.0
O -1.5521287645 0.0001509877 -1.0897713025 8.0
C -0.7490203952 -1.0629052509 1.3522829821 6.0
C -0.1586766995 1.6319560226 0.6396179514 6.0
C 1.1412506566 -0.5536321847 -0.7442278627 6.0
H -1.6219424492 -0.7060477514 1.8956326637 1.0
H 0.1112039859 -1.0720673015 2.0204344618 1.0
H -0.946627243 -2.0750177564 1.004057516 1.0
H 0.1641513168 2.3170329312 -0.1425261087 1.0
H 0.5860432309 1.6084544939 1.4322784748 1.0
H -1.1029565384 1.9948311412 1.0421977826 1.0
H 1.1438376248 -0.2193343343 -1.7830901088 1.0
H 1.1108191494 -1.6441747737 -0.7718644238 1.0
C 2.3877365554 -0.0516726962 -0.0193653158 6.0
H 2.4725607859 1.030657582 -0.0840234712 1.0
H 3.2854509076 -0.4810919533 -0.4602016477 1.0
H 2.3800198197 -0.3242101151 1.0359521154 1.0
P0102-mp2-popt-dd-160 17 159.999999997 -574.745398649
P -0.4619653437 -0.001523081 -0.0789411445 15.0
O -1.5793842568 -0.0129847103 -1.0576808276 8.0
C -0.6742761657 -1.1254224015 1.3217883366 6.0
C -0.1993790411 1.6144553615 0.6918321759 6.0
C 1.1405317151 -0.465877233 -0.8009883596 6.0
H -1.5518214515 -0.824832298 1.8912298972 1.0
H 0.1962827854 -1.121937028 1.9760025721 1.0
H -0.8367960441 -2.1320335001 0.9409624389 1.0
H 0.0892695923 2.3343432734 -0.0723129122 1.0
H 0.5597515821 1.5872332699 1.470640965 1.0
H -1.1465250539 1.9350222004 1.1225161937 1.0
H 1.1387758522 -0.0248475763 -1.7993165865 1.0
H 1.1150187227 -1.5477374452 -0.9430163566 1.0
C 2.3847041335 -0.0371232734 -0.0268453723 6.0
H 2.467189219 1.046476768 0.0187690262 1.0
H 3.2844382548 -0.4169514679 -0.5072676472 1.0
H 2.3761735679 -0.4155410247 0.9951095466 1.0
P0102-mp2-popt-dd-165 17 164.999999999 -574.745738649
P 0.4627726952 0.0032638223 -0.0760388384 15.0
O 1.5998032879 0.0306474164 -1.0315796094 8.0
C 0.6025433813 1.1856669288 1.2852439739 6.0
C 0.246889648 -1.5931662451 0.7476500809 6.0
C -1.1398528123 0.3712189694 -0.8480285789 6.0
H 1.4915232282 0.9503597787 1.8676612669 1.0
H -0.2692537012 1.1607840107 1.9368145551 1.0
H 0.7166695385 2.1853143575 0.8699752625 1.0
H -0.0024596235 -2.3492112901 0.0048301752 1.0
H -0.5269062141 -1.5656350814 1.5119492083 1.0
H 1.1964020271 -1.8643154929 1.2060997894 1.0
H -1.1321057817 -0.1729023393 -1.7941999202 1.0
H -1.1188826348 1.432037203 -1.1043943326 1.0
C -2.3838139802 0.0223949648 -0.0344975851 6.0
H -2.4599780019 -1.0500748049 0.1311515004 1.0
H -3.2844209939 0.3397024334 -0.5568046398 1.0
H -2.3814953359 0.5125675461 0.9385184065 1.0
P0102-mp2-popt-dd-170 17 170.000000001 -574.745954422
P 0.4632421311 0.0052695617 -0.0734931213 15.0
O 1.6133853835 0.05062018 -1.0125279023 8.0
C 0.5332265966 1.2431381922 1.2432924723 6.0
C 0.3011587549 -1.5671179106 0.8064676132 6.0
C -1.1391594183 0.2709345508 -0.8845205303 6.0
H 1.439090752 1.0825017402 1.8252090042 1.0
H -0.3302193034 1.1892950268 1.9036943779 1.0
H 0.5849005968 2.2325190619 0.7923676793 1.0
H 0.0986617489 -2.3599234005 0.0881358544 1.0
H -0.4883097713 -1.5442838139 1.5547760524 1.0
H 1.2514606815 -1.7804902739 1.2929168099 1.0
H -1.124546657 -0.3720042186 -1.766566638 1.0
H -1.1221032657 1.2978126912 -1.2545624089 1.0
C -2.3845470322 0.0080921266 -0.0415712697 6.0
H -2.4496019403 -1.0367790244 0.2548613161 1.0
H -3.2850309733 0.246183511 -0.6046248992 1.0
H -2.395551992 0.6150872195 0.8626992047 1.0
P0102-mp2-popt-dd-175 17 174.999999998 -574.746066221
P 0.463467833 0.0074245463 -0.0717401989 15.0
O 1.6207380837 0.0703418833 -1.0009753847 8.0
C 0.4653475059 1.2982357003 1.1953023515 6.0
C 0.3613185565 -1.5348639192 0.8681415648 6.0
C -1.1384751309 0.1659227668 -0.9099099829 6.0
H 1.3892600191 1.2199493066 1.7657349182 1.0
H -0.3816321792 1.2127052086 1.8731189608 1.0
H 0.4444640536 2.2712179222 0.7075386098 1.0
H 0.2160983771 -2.3641314494 0.1777375395 1.0
H -0.4460830108 -1.5229926814 1.5973580132 1.0
H 1.30869896 -1.6807692418 1.3842841932 1.0
H -1.1173948093 -0.570401703 -1.7156093439 1.0
H -1.1248770483 1.1454947437 -1.3916549287 1.0
C -2.3857059682 -0.0055948557 -0.0466004504 6.0
H -2.435559839 -1.0021047775 0.3879340632 1.0
H -3.2855118172 0.137088981 -0.6420787224 1.0
H -2.4147782318 0.7178813636 0.7665816506 1.0
P0102-mp2-popt-dd-180 17 180.000000854 -574.746100103
P 0.4635079621 0.009536707 -0.0711873812 15.0
O 1.6225696167 0.0876536459 -0.9970416947 8.0
C 0.3988704964 1.3518980243 1.1395611491 6.0
C 0.4256820663 -1.4944090556 0.9331664176 6.0
C -1.1378926264 0.0562292808 -0.9235471621 6.0
H 1.3366000989 1.3585053614 1.6925661852 1.0
H -0.4277224421 1.2397104156 1.8381689624 1.0
H 0.3045811359 2.3001604892 0.61311513 1.0
H 0.3476719345 -2.3583873371 0.2753656312 1.0
H -0.4015142997 -1.4993326267 1.6400038469 1.0
H 1.3644324868 -1.5635558959 1.4801173408 1.0
H -1.1115103057 -0.7669630219 -1.640144813 1.0
H -1.1279735777 0.9744977003 -1.5139134186 1.0
C -2.3861799939 -0.0190708827 -0.0481501552 6.0
H -2.4182756893 -0.9440574475 0.5247809999 1.0
H -3.2852062259 0.0169214124 -0.6605780599 1.0
H -2.4348262485 0.8126959238 0.6523315487 1.0
