11 4 0 1
0 180 5
37
P0105-mp2-popt-dd-000 15 0.0 -573.51971595
P 0.3256532802 -8.66991e-05 -0.1147906677 15.0
O 0.164354549 -0.0012819664 -1.5909325481 8.0
C 1.2161360487 1.4264215738 0.5472614361 6.0
C 1.2162106223 -1.4254533645 0.5495718294 6.0
C -1.2359074227 0.0005894449 0.7779145566 6.0
H 2.2254692521 1.43681427 0.1393058118 1.0
H 1.2658015134 1.3932565531 1.6346086983 1.0
H 0.7021046173 2.3335427584 0.2364847297 1.0
H 0.7022076322 -2.3331091827 0.2403117524 1.0
H 1.2659321327 -1.3904993811 1.6368602035 1.0
H 2.2255231574 -1.4364605104 0.1415816179 1.0
C -2.3782625994 -3.0923e-06 0.0832094361 6.0
H -2.3456741054 -0.0008791004 -0.9984848172 1.0
H -1.2430577643 0.0014642029 1.8621539446 1.0
H -3.34335399 0.0003707677 0.5712560639 1.0
P0105-mp2-popt-dd-005 15 4.99999999947 -573.519647275
P -0.3258287619 -0.0056859997 0.114816883 15.0
O -0.1671782652 -0.0796975006 1.5893825436 8.0
C -1.2720012473 1.417791414 -0.4719717482 6.0
C -1.1571181172 -1.4274037176 -0.629599478 6.0
C 1.2357991876 0.1057857779 -0.770938344 6.0
H -2.2803913146 1.3672620499 -0.064785939 1.0
H -1.322034593 1.4399554769 -1.5595943786 1.0
H -0.7938985134 2.3269263107 -0.1133580467 1.0
H -0.608867006 -2.3292174605 -0.3653750188 1.0
H -1.2029759082 -1.3369249237 -1.7138364948 1.0
H -2.1670952638 -1.4992211387 -0.229395563 1.0
C 2.3783354311 0.0122647697 -0.0828308906 6.0
H 2.3464894444 -0.108961931 0.9920738138 1.0
H 1.242805838 0.2274983375 -1.8483307183 1.0
H 3.3432169655 0.0611338632 -0.5688394125 1.0
P0105-mp2-popt-dd-010 15 9.99999999661 -573.519444132
P -0.3264015682 -0.0109312696 0.1149500867 15.0
O -0.1756135101 -0.1519593161 1.5854217868 8.0
C -1.3240496583 1.4021040148 -0.4081239683 6.0
C -1.0953129191 -1.4248725786 -0.7073964905 6.0
C 1.2354574046 0.2060961136 -0.7511660413 6.0
H -2.331252201 1.293615279 -0.0095165707 1.0
H -1.3709787662 1.4748500171 -1.4936839835 1.0
H -0.8830025095 2.3106110125 -0.0033293899 1.0
H -0.5146064213 -2.3167257242 -0.4814632405 1.0
H -1.134010952 -1.2829730864 -1.7863758333 1.0
H -2.1055372709 -1.5548493629 -0.3226816645 1.0
C 2.3785335049 0.0242580618 -0.0817962327 6.0
H 2.3488208748 -0.2124426103 0.9737779921 1.0
H 1.2420392601 0.443761746 -1.8090619918 1.0
H 3.3427939964 0.1201240205 -0.5619945844 1.0
P0105-mp2-popt-dd-015 15 14.999999999 -573.519114387
P -0.327338198 -0.0155576637 0.1152493827 15.0
O -0.1896365676 -0.2137515571 1.5803606134 8.0
C -1.3718399569 1.3802482114 -0.3602107161 6.0
C -1.0313976082 -1.4205232533 -0.7776562699 6.0
C 1.2349156179 0.2980010456 -0.7210119731 6.0
H -2.3777274121 1.2186822341 0.0233416224 1.0
H -1.4121554554 1.4958071475 -1.4423234046 1.0
H -0.968758437 2.2870747519 0.0859126933 1.0
H -0.4203319753 -2.2988341709 -0.5805123202 1.0
H -1.0598743306 -1.2343901945 -1.8501942504 1.0
H -2.041334931 -1.6040449336 -0.4145171451 1.0
C 2.3789157509 0.0357892608 -0.0803602452 6.0
H 2.3527376632 -0.3081673867 0.9454013547 1.0
H 1.2407975206 0.643400506 -1.7488155147 1.0
H 3.3421569646 0.1761653336 -0.5515572875 1.0
P0105-mp2-popt-dd-020 15 20.0000000002 -573.518671005
P -0.328655865 -0.0194840041 0.1157909166 15.0
O -0.2091304531 -0.2632757429 1.575557293 8.0
C -1.4149120345 1.3539894016 -0.330041568 6.0
C -0.9659691782 -1.416726654 -0.8373699148 6.0
C 1.2341958768 0.3798420807 -0.6833951959 6.0
H -2.4195257436 1.1452211024 0.0334155416 1.0
H -1.4448401541 1.5033810014 -1.4083427227 1.0
H -1.0504596151 2.2593520249 0.1510104083 1.0
H -0.3267136328 -2.2787995162 -0.6586625839 1.0
H -0.9815769252 -1.194845648 -1.9033353989 1.0
H -1.9749209084 -1.6484968004 -0.4999090641 1.0
C 2.3795208481 0.0468511933 -0.0788292178 6.0
H 2.3581499372 -0.3949002852 0.9089096239 1.0
H 1.2390728462 0.8235581028 -1.6727618182 1.0
H 3.3413738321 0.2291511057 -0.5383441335 1.0
P0105-mp2-popt-dd-025 15 24.9999999912 -573.518133732
P -0.3303222005 -0.0226650401 0.1166033665 15.0
O -0.2338907696 -0.3007272713 1.5718805734 8.0
C -1.4530445121 1.3250733733 -0.3171107311 6.0
C -0.8995489002 -1.4149739158 -0.8856202615 6.0
C 1.2333491464 0.4514706751 -0.6409127682 6.0
H -2.4563544462 1.0751516952 0.0231222139 1.0
H -1.4692494004 1.4992235867 -1.3919809211 1.0
H -1.1274887713 2.2301788139 0.1916251453 1.0
H -0.2346049325 -2.2591370233 -0.7151152672 1.0
H -0.8997336056 -1.1658521875 -1.9456412312 1.0
H -1.9068176857 -1.6895479688 -0.576351885 1.0
C 2.3803480424 0.0574082053 -0.0774279738 6.0
H 2.3648532406 -0.4726327927 0.8660336743 1.0
H 1.2370288989 0.9840696516 -1.5854207408 1.0
H 3.34051698 0.2791724229 -0.5228801969 1.0
P0105-mp2-popt-dd-030 15 30.000000004 -573.517527119
P -0.3323335781 -0.025210119 0.1176686425 15.0
O -0.263733433 -0.3274223751 1.5696349896 8.0
C -1.4858283224 1.2950069945 -0.3197460874 6.0
C -0.8328154253 -1.4160347828 -0.9225856075 6.0
C 1.2324078323 0.5135832364 -0.5954859942 6.0
H -2.4880082156 1.0095088681 -0.0052767112 1.0
H -1.4845691478 1.4860318592 -1.3918587172 1.0
H -1.1993391211 2.2012675165 0.2101003577 1.0
H -0.144451071 -2.2412044694 -0.7517433433 1.0
H -0.8161372695 -1.1472647619 -1.9776303885 1.0
H -1.837368928 -1.7288535159 -0.6420767137 1.0
C 2.3814564807 0.0676761133 -0.0763616323 6.0
H 2.3728821111 -0.5430156002 0.8171613702 1.0
H 1.2346739154 1.1274918746 -1.4892740757 1.0
H 3.3396860493 0.3273585083 -0.5051781548 1.0
P0105-mp2-popt-dd-035 15 34.9999999999 -573.516882531
P -0.3346949918 -0.0271766216 0.1189281816 15.0
O -0.2982086677 -0.3450449963 1.5686390728 8.0
C -1.5131456249 1.2648221955 -0.3357267575 6.0
C -0.7662999249 -1.4200277486 -0.9490766905 6.0
C 1.2314265265 0.5672435879 -0.5484688165 6.0
H -2.5143649671 0.9486621347 -0.0488749249 1.0
H -1.4907452574 1.4661585118 -1.4057034295 1.0
H -1.2656969464 2.1736314161 0.2093168474 1.0
H -0.0568128778 -2.2255691555 -0.7707746634 1.0
H -0.731696636 -1.1381727991 -2.0002198622 1.0
H -1.7670724996 -1.7671985328 -0.6968441463 1.0
C 2.3827692165 0.0776578309 -0.0756640718 6.0
H 2.3816176093 -0.6073390296 0.7623694737 1.0
H 1.232239088 1.2562612759 -1.3856791676 1.0
H 3.3389491079 0.3741807964 -0.4846976711 1.0
P0105-mp2-popt-dd-040 15 40.0000000007 -573.51623591
P -0.3373954339 -0.0285822733 0.1202933939 15.0
O -0.3368083879 -0.3551788731 1.5684540703 8.0
C -1.5349556576 1.2351385963 -0.3627993498 6.0
C -0.7004659787 -1.4267372802 -0.9660955393 6.0
C 1.2304259956 0.6135140325 -0.5007070902 6.0
H -2.5353451644 0.8924304263 -0.1051681976 1.0
H -1.4877700527 1.4416296888 -1.4309699491 1.0
H -1.3264704504 2.1476571179 0.1923606073 1.0
H 0.027856793 -2.2122764744 -0.774614212 1.0
H -0.6473305852 -1.1373758421 -2.0143613924 1.0
H -1.6963773975 -1.8050427456 -0.7408162023 1.0
C 2.3841476416 0.0872758021 -0.0753171013 6.0
H 2.3904819381 -0.6667672623 0.7012380631 1.0
H 1.2299565669 1.3725352261 -1.2749273444 1.0
H 3.3383290755 0.4197296719 -0.4607030113 1.0
P0105-mp2-popt-dd-045 15 44.9999999944 -573.515626551
P -0.3404185539 -0.0294606545 0.1216566856 15.0
O -0.3789532117 -0.3591348591 1.5685486346 8.0
C -1.5512657268 1.2062775856 -0.3989230822 6.0
C -0.6358113416 -1.4357782364 -0.9746584142 6.0
C 1.2294199583 0.6533258004 -0.4526927706 6.0
H -2.5508499366 0.8404180956 -0.1719739383 1.0
H -1.4757922251 1.4139993732 -1.4652120277 1.0
H -1.3815841111 2.1233654243 0.1620023157 1.0
H 0.1089094924 -2.2012353871 -0.7654227797 1.0
H -0.5637445899 -1.143673107 -2.0209515374 1.0
H -1.6259342178 -1.8423557891 -0.7745286435 1.0
C 2.3854651412 0.096464345 -0.0752304071 6.0
H 2.3989191743 -0.7218540101 0.6332676463 1.0
H 1.228012363 1.4777014769 -1.1567921402 1.0
H 3.337834875 0.4637875277 -0.4324045061 1.0
P0105-mp2-popt-dd-050 15 50.0000000049 -573.515093718
P -0.3437336902 -0.0298435884 0.1228972792 15.0
O -0.4240536477 -0.3579058739 1.5683978827 8.0
C -1.5621327435 1.1783705562 -0.4422915737 6.0
C -0.5727822016 -1.4467034755 -0.9757472776 6.0
C 1.228384547 0.6874195628 -0.4046884722 6.0
H -2.5607788225 0.792231868 -0.2471885402 1.0
H -1.4552658213 1.3843078031 -1.5062237803 1.0
H -1.4308442227 2.100645813 0.120528781 1.0
H 0.1856018168 -2.1923548527 -0.7449582221 1.0
H -0.4812402457 -1.1559948229 -2.0208071487 1.0
H -1.5565139243 -1.8787573672 -0.7988914868 1.0
C 2.3865847622 0.105144544 -0.0752558657 6.0
H 2.4064854193 -0.7723995159 0.5583287679 1.0
H 1.2264895757 1.5721075901 -1.0311850919 1.0
H 3.3374103405 0.5056979534 -0.3992835694 1.0
P0105-mp2-popt-dd-055 15 55.0000000032 -573.514671112
P -0.3472940268 -0.0298491289 0.1239042498 15.0
O -0.471561691 -0.3521828401 1.567560616 8.0
C -1.5676114439 1.1514367115 -0.4913622797 6.0
C -0.5119520753 -1.4590531587 -0.9703315466 6.0
C 1.2273198055 0.7163369352 -0.3568114443 6.0
H -2.5650318859 0.7475194472 -0.328819985 1.0
H -1.4268312334 1.353199927 -1.5521279075 1.0
H -1.4739184393 2.0793524975 0.0697932196 1.0
H 0.2567209118 -2.1858377667 -0.7146610682 1.0
H -0.3997905949 -1.1732925473 -2.0146317768 1.0
H -1.4892851504 -1.9133847241 -0.8152873633 1.0
C 2.3875187162 0.1133879527 -0.0751655719 6.0
H 2.4131022603 -0.8172737989 0.4772614446 1.0
H 1.2252757204 1.6550867733 -0.8988433289 1.0
H 3.3370075484 0.5447314463 -0.3613693756 1.0
P0105-mp2-popt-dd-060 15 60.0000000027 -573.514380878
P -0.3510165189 -0.0296466967 0.1245571332 15.0
O -0.5210257157 -0.3424950261 1.5656358378 8.0
C -1.56769577 1.1254648546 -0.5447859158 6.0
C -0.4540416836 -1.4724662238 -0.9593563688 6.0
C 1.2262233743 0.7404958682 -0.3090440459 6.0
H -2.5635308532 0.7061073653 -0.4149824532 1.0
H -1.3911967592 1.3209953588 -1.6013569825 1.0
H -1.510241192 2.0594010375 0.0113218067 1.0
H 0.3204254267 -2.1823572227 -0.6753613335 1.0
H -0.318830399 -1.19482331 -2.0029924251 1.0
H -1.4258930513 -1.9449437932 -0.8257247175 1.0
C 2.3884104632 0.1214559062 -0.0746143926 6.0
H 2.4192485936 -0.8548018523 0.3921622499 1.0
H 1.2240575098 1.7254362549 -0.7617389181 1.0
H 3.3365560506 0.5803429191 -0.3194255 1.0
P0105-mp2-popt-dd-065 15 64.9999999988 -573.514229317
P -0.3548018833 -0.0293929457 0.1247641157 15.0
O -0.5721238686 -0.3293379842 1.5622458133 8.0
C -1.5623465312 1.1004812057 -0.6013998102 6.0
C -0.3997477622 -1.486689914 -0.9436865062 6.0
C 1.2250980084 0.7602618669 -0.2613113282 6.0
H -2.5562953141 0.6681186079 -0.5037619046 1.0
H -1.3491578904 1.2876352116 -1.6527020214 1.0
H -1.5389720875 2.0409169754 -0.0537670653 1.0
H 0.3746161624 -2.1828030089 -0.6273633662 1.0
H -0.2372803837 -1.2200918994 -1.9861898822 1.0
H -1.368057604 -1.972076208 -0.832693932 1.0
C 2.3894445622 0.1296499059 -0.073221704 6.0
H 2.4255693407 -0.8835750944 0.3059828719 1.0
H 1.2224208916 1.7822684629 -0.6227879361 1.0
H 3.3359791928 0.6122735245 -0.2747883777 1.0
P0105-mp2-popt-dd-070 15 70.0000000047 -573.514207637
P -0.3585839951 -0.0291659829 0.1245029653 15.0
O -0.6244536111 -0.3130034236 1.5571245126 8.0
C -1.5516832327 1.0764927176 -0.6602025055 6.0
C -0.349549539 -1.5016244512 -0.9238758111 6.0
C 1.2239673261 0.7760085593 -0.2137611213 6.0
H -2.5436195368 0.633773639 -0.5930633916 1.0
H -1.3018112319 1.2526882405 -1.705293706 1.0
H -1.559264834 2.0241470149 -0.1246485492 1.0
H 0.4182514938 -2.1873442249 -0.5712279299 1.0
H -0.1549095107 -1.2487187161 -1.9641611633 1.0
H -1.3165904515 -1.9945024075 -0.8377536581 1.0
C 2.3906761659 0.1380251521 -0.0708424605 6.0
H 2.4322459301 -0.9031929354 0.2216464649 1.0
H 1.2201564857 1.825600054 -0.4853527712 1.0
H 3.3352420198 0.6402333417 -0.2291425152 1.0
P0105-mp2-popt-dd-075 15 75.0000000107 -573.514297321
P -0.3623331099 -0.0289005998 0.1237794526 15.0
O -0.6777077962 -0.2937356904 1.5500304515 8.0
C -1.5359135709 1.0534966865 -0.7203945288 6.0
C -0.3035221142 -1.5171524675 -0.9003468927 6.0
C 1.2228533704 0.7880842872 -0.1665114714 6.0
H -2.525840999 0.6028320029 -0.6821638974 1.0
H -1.2495603277 1.2163236219 -1.758260987 1.0
H -1.5711938061 2.0090251303 -0.2001252553 1.0
H 0.4515236196 -2.1952299812 -0.5079058729 1.0
H -0.0720666916 -1.2803185315 -1.9367696492 1.0
H -1.2711896917 -2.012811169 -0.8416885566 1.0
C 2.3919576879 0.1462666335 -0.0673942488 6.0
H 2.4388784294 -0.9145228416 0.1412675204 1.0
H 1.2174052132 1.8564278832 -0.3518700612 1.0
H 3.3343470006 0.6637946816 -0.183766127 1.0
P0105-mp2-popt-dd-080 15 80.0000000019 -573.514475085
P -0.3660645379 -0.0285029763 0.1226475265 15.0
O -0.731673491 -0.2717236083 1.5407818565 8.0
C -1.515265916 1.031485996 -0.7813396865 6.0
C -0.2615268731 -1.533130851 -0.8733879516 6.0
C 1.221804467 0.7968152838 -0.1197207668 6.0
H -2.503359865 0.5752377861 -0.7703322714 1.0
H -1.192859182 1.1785077197 -1.8109439706 1.0
H -1.5747042157 1.9955325445 -0.2792896346 1.0
H 0.4756063778 -2.2050665171 -0.4388041745 1.0
H 0.0101200632 -1.3143982758 -1.9039429356 1.0
H -1.2308180998 -2.0282337106 -0.8443437709 1.0
C 2.3930838131 0.1539067544 -0.0629465005 6.0
H 2.4448143557 -0.9190616144 0.0661298548 1.0
H 1.2145140039 1.8762503918 -0.2239365846 1.0
H 3.3333450954 0.6825858864 -0.1396691596 1.0
P0105-mp2-popt-dd-085 15 85.0000000008 -573.514716037
P -0.369768152 -0.0278628073 0.1211665253 15.0
O -0.7861801485 -0.2470510078 1.5292237523 8.0
C -1.4899672656 1.0103486495 -0.8425556828 6.0
C -0.2234791195 -1.549395893 -0.8432350807 6.0
C 1.2208759901 0.8024406573 -0.0734988663 6.0
H -2.476553516 0.5508137816 -0.8569490092 1.0
H -1.1321827305 1.1390102889 -1.8628658426 1.0
H -1.5698138027 1.9835733909 -0.3614839044 1.0
H 0.4919579039 -2.2154538659 -0.3656078923 1.0
H 0.0899692477 -1.3504313227 -1.8658535467 1.0
H -1.1944711299 -2.0420076665 -0.8449573509 1.0
C 2.3938981256 0.1604840015 -0.0575889312 6.0
H 2.4495562257 -0.9184700581 -0.0031102424 1.0
H 1.2118709897 1.8866538567 -0.1022583488 1.0
H 3.3323140457 0.6964686734 -0.0973796476 1.0
P0105-mp2-popt-dd-090 15 90.0000000001 -573.514996398
P -0.3734730075 -0.0269590579 0.1194175879 15.0
O -0.8410780523 -0.2196726077 1.5152652194 8.0
C -1.4601430484 0.9899490986 -0.903694949 6.0
C -0.189454698 -1.5658858011 -0.8100208428 6.0
C 1.2201415357 0.8051384079 -0.0279956048 6.0
H -2.4455528421 0.5291441429 -0.9423449125 1.0
H -1.0673919506 1.0981315713 -1.9134324937 1.0
H -1.5569423051 1.9727610424 -0.4457997592 1.0
H 0.5023733647 -2.2250777128 -0.2900293965 1.0
H 0.1652439227 -1.3878989274 -1.8229655705 1.0
H -1.1614273905 -2.0555077393 -0.8419971883 1.0
C 2.3943975756 0.1657570157 -0.0514515691 6.0
H 2.4529653475 -0.9141589191 -0.0661833662 1.0
H 1.2097071429 1.8890909628 0.0126377184 1.0
H 3.3313669528 0.7057124631 -0.0574457973 1.0
P0105-mp2-popt-dd-095 15 94.9999999961 -573.515292492
P -0.3771695698 -0.025778937 0.1174731995 15.0
O -0.8961522988 -0.1894811776 1.4988224768 8.0
C -1.4258921174 0.9700548842 -0.9644753403 6.0
C -0.1596986625 -1.5825870406 -0.7738297464 6.0
C 1.2196444497 0.8050650413 0.0166371672 6.0
H -2.4104608431 0.5098480448 -1.0265197103 1.0
H -0.9985646846 1.0557596152 -1.9622144192 1.0
H -1.5362616038 1.9627424735 -0.5316649283 1.0
H 0.5079301628 -2.2333216783 -0.2131582556 1.0
H 0.2342073343 -1.4266233649 -1.7758624144 1.0
H -1.1316830238 -2.0694729355 -0.834224683 1.0
C 2.394631169 0.1696218298 -0.0446747045 6.0
H 2.4551606519 -0.9073054388 -0.1230452537 1.0
H 1.2081375249 1.8848790723 0.1206045662 1.0
H 3.3305695674 0.7108540353 -0.0201052835 1.0
P0105-mp2-popt-dd-100 15 100.000000001 -573.515582657
P -0.3808496269 -0.0243212777 0.1153810897 15.0
O -0.9511382139 -0.1562887025 1.4798115073 8.0
C -1.3872822273 0.9503637034 -1.0246968567 6.0
C -0.1345590639 -1.5995555836 -0.7346750661 6.0
C 1.2194215593 0.8023691315 0.0602519251 6.0
H -2.3712704277 0.4924171659 -1.1096803128 1.0
H -0.9256727943 1.011778538 -2.0088082784 1.0
H -1.5080277208 1.9530676889 -0.6186028582 1.0
H 0.5092512918 -2.2399541776 -0.1355512375 1.0
H 0.2955062537 -1.4666945554 -1.7251223924 1.0
H -1.1056885021 -2.0842770589 -0.8205672269 1.0
C 2.3946941349 0.1720737842 -0.0373465803 6.0
H 2.4563925372 -0.898862874 -0.1738253931 1.0
H 1.2071892041 1.8751708981 0.2216564911 1.0
H 3.3299715209 0.7125328285 0.0145970369 1.0
P0105-mp2-popt-dd-105 15 105.000000003 -573.515847965
P -0.3844971059 -0.0225616801 0.1131757181 15.0
O -1.005679396 -0.1198241053 1.4581645256 8.0
C -1.3444590773 0.9304123929 -1.0842161033 6.0
C -0.1143604337 -1.6168675136 -0.6924510609 6.0
C 1.2194881014 0.7972441537 0.1026568623 6.0
H -2.328009678 0.4761506784 -1.1919188382 1.0
H -0.8488801692 0.9657769227 -2.0529063267 1.0
H -1.4725523205 1.9431793982 -0.7063648111 1.0
H 0.506458395 -2.2450065526 -0.0571529473 1.0
H 0.3484279794 -1.508462608 -1.6710827436 1.0
H -1.0841088702 -2.0999209323 -0.800308989 1.0
C 2.3946536984 0.1731397237 -0.0295863314 6.0
H 2.4568534218 -0.8896107745 -0.2188821574 1.0
H 1.2068691285 1.8609933571 0.3159440766 1.0
H 3.3295999564 0.7112986085 0.0467232581 1.0
P0105-mp2-popt-dd-110 15 110.000000003 -573.516072982
P 0.388098092 -0.0204547673 -0.1108796789 15.0
O 1.0593669434 -0.0797589585 -1.4338193753 8.0
C 1.2976218417 0.9095959781 1.1429433098 6.0
C 0.09936127 -1.6345838659 0.6469249587 6.0
C -1.2198383111 0.7899305194 -0.1436251157 6.0
H 2.280758902 0.4602136581 1.2732292239 1.0
H 0.7684831398 0.9170625108 2.0942786217 1.0
H 1.4301381956 1.9324177152 0.794921029 1.0
H -0.4991951926 -2.2486183216 -0.0226241838 1.0
H -0.3929169633 -1.5524253438 1.6136746758 1.0
H 1.0676239905 -2.1161217294 0.7731707365 1.0
C -2.3945324979 0.1728453968 0.0215434531 6.0
H -2.4566337836 -0.8801881841 0.2586988206 1.0
H -1.2071872468 1.8432653339 -0.4036214514 1.0
H -3.3294568789 0.7075671068 -0.0763340177 1.0
P0105-mp2-popt-dd-115 15 114.999999999 -573.516246511
P 0.3916337738 -0.0179274404 -0.1084835264 15.0
O 1.1117510536 -0.0357137156 -1.4066880115 8.0
C 1.2470541889 0.8871526918 1.2008387861 6.0
C 0.089771311 -1.6527094154 0.5977507137 6.0
C -1.2204656046 0.780690288 -0.182931572 6.0
H 2.2297365203 0.4436656822 1.3534092264 1.0
H 0.6850247839 0.8645752252 2.1328093627 1.0
H 1.3810164107 1.9200117696 0.8845022136 1.0
H -0.4867922478 -2.250855953 -0.1046838729 1.0
H -0.4292979284 -1.5991337079 1.5524366762 1.0
H 1.056828857 -2.1324278853 0.7391395851 1.0
C -2.3943401558 0.1712025895 0.0133532055 6.0
H -2.4557669618 -0.8710787574 0.2939491649 1.0
H -1.2081639585 1.8227434341 -0.4850370766 1.0
H -3.3295427227 0.7015988031 -0.1036748318 1.0
P0105-mp2-popt-dd-120 15 119.999999998 -573.516360442
P 0.3950957784 -0.0149157871 -0.1059801268 15.0
O 1.1623552024 0.0127179395 -1.3766758879 8.0
C 1.1930996317 0.8621633226 1.2578919897 6.0
C 0.0857010236 -1.6711479636 0.5444638058 6.0
C -1.2213558732 0.7698673344 -0.2203075825 6.0
H 2.1751582876 0.4252649067 1.4323567743 1.0
H 0.5990269228 0.807227377 2.1683273486 1.0
H 1.3256281305 1.9049348845 0.9753302519 1.0
H -0.4684307358 -2.2516204947 -0.1901134243 1.0
H -0.4582321159 -1.6489793595 1.4864783729 1.0
H 1.0520879596 -2.1483225121 0.6984380505 1.0
C -2.3940312157 0.168210227 0.0052014063 6.0
H -2.4541767249 -0.8626842488 0.3252341625 1.0
H -1.2098801278 1.800157537 -0.5603699205 1.0
H -3.3298482464 0.6935026399 -0.1288356792 1.0
P0105-mp2-popt-dd-125 15 124.999999998 -573.516411633
P 0.3984728279 -0.0113400682 -0.1033273311 15.0
O 1.2107107514 0.0659404828 -1.3436041096 8.0
C 1.1361261929 0.8335637764 1.3141325795 6.0
C 0.0872747027 -1.6896996688 0.4864827462 6.0
C -1.2224960659 0.7577826776 -0.2555121527 6.0
H 2.117383475 0.4037600283 1.5097852534 1.0
H 0.5111990556 0.7435285867 2.2007459453 1.0
H 1.2641875379 1.8860463723 1.067921499 1.0
H -0.4429978181 -2.2505806728 -0.2802036891 1.0
H -0.4805686653 -1.7022596901 1.4144595914 1.0
H 1.0536496045 -2.1632025838 0.6514791508 1.0
C -2.3936063357 0.1639027752 -0.002780789 6.0
H -2.4518585039 -0.8552078805 0.353280241 1.0
H -1.2123532463 1.7760586999 -0.6299784664 1.0
H -3.3303807484 0.6833640873 -0.1521047535 1.0
P0105-mp2-popt-dd-130 15 129.999999999 -573.516400545
P 0.4017611586 -0.0071321978 -0.1004833978 15.0
O 1.2563703702 0.1243425598 -1.3072120202 8.0
C 1.0765017529 0.8001042611 1.3696125189 6.0
C 0.0945639211 -1.7080259234 0.4230690244 6.0
C -1.2238644951 0.7448295627 -0.2882685985 6.0
H 2.0566935923 0.3775382758 1.5855767668 1.0
H 0.4221128555 0.6719540943 2.2298392346 1.0
H 1.1970901146 1.8618907497 1.1628211522 1.0
H -0.4093859565 -2.2470315563 -0.3763278237 1.0
H -0.497203213 -1.7590248467 1.3346282825 1.0
H 1.0615224209 -2.1765281062 0.5986257524 1.0
C -2.3930465988 0.1583454202 -0.0104490639 6.0
H -2.4487656323 -0.848764862 0.3786778674 1.0
H -1.2156017104 1.7510237029 -0.6940088256 1.0
H -3.331138546 0.6712500726 -0.1736233026 1.0
P0105-mp2-popt-dd-135 15 135.000000006 -573.516332034
P 0.4049364671 -0.0022077948 -0.0973606355 15.0
O 1.29886772 0.188318119 -1.2670851351 8.0
C 1.0147115021 0.7602024841 1.4244004381 6.0
C 0.1076234822 -1.7256231758 0.35324142 6.0
C -1.2254400916 0.7314535531 -0.3182616825 6.0
H 1.9935387348 0.3446081669 1.6594261314 1.0
H 0.3325889732 0.5905548548 2.255372182 1.0
H 1.1247949382 1.8306094453 1.2608378983 1.0
H -0.3663490835 -2.2398247069 -0.4800601146 1.0
H -0.5090163874 -1.8192094776 1.2447032411 1.0
H 1.0755314987 -2.187792926 0.5400690116 1.0
C -2.3923861981 0.1517121058 -0.0176945521 6.0
H -2.4449914152 -0.8432522661 0.4020413659 1.0
H -1.2195643282 1.7255331291 -0.7527318132 1.0
H -3.3321351609 0.6572787144 -0.19379585 1.0
P0105-mp2-popt-dd-140 15 140.000000002 -573.516215054
P -0.4079849722 -0.0034671338 -0.0938708774 15.0
O -1.3377884466 -0.258277919 -1.2226003913 8.0
C -0.9511813172 -0.7119275184 1.4785228439 6.0
C -0.1263675118 1.7418043499 0.275583973 6.0
C 1.2271324675 -0.7182848836 -0.3449915964 6.0
H -1.9283400208 -0.302631946 1.7310125706 1.0
H -0.2433143462 -0.4971259648 2.2768676631 1.0
H -1.0477229004 -1.7898283558 1.3627906107 1.0
H 0.3128605372 2.2270523422 -0.5932986951 1.0
H 0.5168522811 1.8825191086 1.141696077 1.0
H -1.095138243 2.196734413 0.4753742211 1.0
C 2.3915781816 -0.1442562548 -0.0243160531 6.0
H 2.4405392863 0.8386268694 0.4235931746 1.0
H 1.2241459266 -1.7004393483 -0.8056266289 1.0
H 3.333319249 -0.6417312938 -0.2124663002 1.0
P0105-mp2-popt-dd-145 15 144.999999995 -573.516062654
P -0.4108850059 -0.0099681428 -0.0899403677 15.0
O -1.3727916034 -0.3347080634 -1.1728041176 8.0
C -0.8864764769 -0.6526650816 1.5319350261 6.0
C -0.1505757807 1.7555238233 0.1881542355 6.0
C 1.2289055408 -0.7061242164 -0.3677525546 6.0
H -1.861453591 -0.2480057331 1.7999055323 1.0
H -0.1549693653 -0.3888841774 2.2934584952 1.0
H -0.9668522512 -1.7362693432 1.4698591179 1.0
H 0.2486147727 2.2058013976 -0.7180109919 1.0
H 0.5211794942 1.9480709033 1.0220259028 1.0
H -1.1194897208 2.2033081581 0.4029377061 1.0
C 2.3905942704 -0.1362683289 -0.0300087846 6.0
H 2.4353210166 0.8349462174 0.4433688269 1.0
H 1.2292595754 -1.6769047878 -0.851690218 1.0
H 3.3346625499 -0.6249769734 -0.229177464 1.0
P0105-mp2-popt-dd-150 15 150.000000001 -573.515892078
P -0.4135958787 -0.0173904351 -0.085496 15.0
O -1.4035443105 -0.418442111 -1.1161618031 8.0
C -0.8212011719 -0.5787915272 1.5843859779 6.0
C -0.1799504981 1.7652295038 0.0879830992 6.0
C 1.2307463814 -0.6960420279 -0.3853520184 6.0
H -1.7934005252 -0.1760508792 1.8650305706 1.0
H -0.0683607848 -0.2619029441 2.303755357 1.0
H -0.8831248852 -1.6653396163 1.5835645281 1.0
H 0.1740188466 2.1718165324 -0.8567619379 1.0
H 0.5218155424 2.0146001595 0.8810990417 1.0
H -1.1476886418 2.2074652754 0.3190420601 1.0
C 2.3893215814 -0.1279108225 -0.0342235455 6.0
H 2.4290069524 0.832883491 0.4607635805 1.0
H 1.2350180766 -1.6567837833 -0.8886537571 1.0
H 3.336142502 -0.6072934469 -0.2427725801 1.0
P0105-mp2-popt-dd-155 15 154.999999997 -573.515721874
P -0.4160703642 -0.0258391165 -0.0803217341 15.0
O -1.4299745258 -0.5103024039 -1.0499615083 8.0
C -0.7556983231 -0.4857907607 1.6351309387 6.0
C -0.2140834716 1.7684314867 -0.0286190721 6.0
C 1.2326046641 -0.689258312 -0.3965051967 6.0
H -1.7244348027 -0.0810332212 1.9246497694 1.0
H 0.0161034215 -0.1115687595 2.3052573501 1.0
H -0.7973049542 -1.5709880349 1.7053452776 1.0
H 0.0906198175 2.1191326212 -1.0121171755 1.0
H 0.5178639901 2.0796272622 0.7137888853 1.0
H -1.1789784374 2.2085960175 0.2178492202 1.0
C 2.3875687128 -0.1191332772 -0.0368094212 6.0
H 2.4211227729 0.8337729224 0.4741106178 1.0
H 1.2414944333 -1.6425211586 -0.9134786975 1.0
H 3.3376855746 -0.5888330696 -0.2522678379 1.0
P0105-mp2-popt-dd-160 15 160.000000007 -573.515569492
P -0.4182509279 -0.0353401022 -0.0740743639 15.0
O -1.4521543706 -0.6114546276 -0.9695271653 8.0
C -0.6903543084 -0.3662976954 1.6825622644 6.0
C -0.2523402551 1.7611093222 -0.1675972387 6.0
C 1.2343110096 -0.6877376426 -0.398848852 6.0
H -1.6548574634 0.0461404155 1.9752574582 1.0
H 0.0979933271 0.0697175077 2.2935520426 1.0
H -0.7103421017 -1.4432767889 1.8371788788 1.0
H 0.0011482016 2.0387863255 -1.1882609788 1.0
H 0.5081419734 2.1393028727 0.5124905224 1.0
H -1.2128046236 2.204841779 0.0896066468 1.0
C 2.3852192125 -0.1103813188 -0.0377166113 6.0
H 2.4116136364 0.8395734956 0.4796586403 1.0
H 1.2483513338 -1.638404725 -0.9201409913 1.0
H 3.3390884359 -0.5710553048 -0.256018157 1.0
P0105-mp2-popt-dd-165 15 164.999999995 -573.515447098
P -0.4200719824 -0.0459825259 -0.0660706846 15.0
O -1.4699560059 -0.7247620644 -0.8657561198 8.0
C -0.6257154505 -0.2060539803 1.7230552791 6.0
C -0.2944212107 1.7352969059 -0.3409046934 6.0
C 1.2357943568 -0.6945786232 -0.386979129 6.0
H -1.5854221813 0.2219510086 2.0089616935 1.0
H 0.1764699925 0.2975678696 2.2595881421 1.0
H -0.6229710705 -1.2627696669 1.9826605496 1.0
H -0.0911072059 1.9139697946 -1.3944348237 1.0
H 0.4906662077 2.1872721473 0.2619439636 1.0
H -1.2497215721 2.1904379517 -0.0843441281 1.0
C 2.3823813828 -0.1021821354 -0.0366761362 6.0
H 2.4009782116 0.8542763882 0.4695734233 1.0
H 1.2552285634 -1.6519302814 -0.8953722547 1.0
H 3.3402380391 -0.5566247322 -0.2504738181 1.0
P0105-mp2-popt-dd-170 15 170.000000002 -573.515361172
P -0.421437871 -0.0579481221 -0.0546238764 15.0
O -1.483129113 -0.8556978032 -0.71699381 8.0
C -0.5625037754 0.0276177072 1.7456804405 6.0
C -0.34028664 1.6704233595 -0.5755244572 6.0
C 1.236940332 -0.7154779179 -0.3473007159 6.0
H -1.5173222002 0.4827078746 2.0047121026 1.0
H 0.2502669512 0.6077148012 2.1791863211 1.0
H -0.5357477708 -0.9833397853 2.1471164414 1.0
H -0.1832058739 1.7041373511 -1.6513915642 1.0
H 0.4635802761 2.2073971687 -0.0757542054 1.0
H -1.2910333745 2.147543537 -0.3430447686 1.0
C 2.379496349 -0.0957836564 -0.0329488178 6.0
H 2.3906750233 0.8850033159 0.4253158251 1.0
H 1.2613286958 -1.6971321517 -0.8064464839 1.0
H 3.3410300879 -0.5512869241 -0.2269951306 1.0
P0105-mp2-popt-dd-175 15 175.000000024 -573.515311492
P -0.4222862502 -0.0710820695 -0.0351506249 15.0
O -1.4913005739 -1.0073034969 -0.462832329 8.0
C -0.501583178 0.4156934297 1.7039382326 6.0
C -0.3900734538 1.4971605428 -0.9327547944 6.0
C 1.2376584407 -0.758264991 -0.2406895929 6.0
H -1.4522875705 0.9136194456 1.8884005084 1.0
H 0.3176028677 1.0823374381 1.9675638753 1.0
H -0.4485865404 -0.4794333677 2.3201260366 1.0
H -0.2735851142 1.2894164079 -1.9942230659 1.0
H 0.4257691245 2.1354254951 -0.5986902481 1.0
H -1.3381246056 2.0092662472 -0.7759053767 1.0
C 2.3772631659 -0.0932891335 -0.023081036 6.0
H 2.3829445962 0.9412086635 0.2967866866 1.0
H 1.2656162464 -1.7934547108 -0.5607497704 1.0
H 3.3414549328 -0.5638835364 -0.1592094656 1.0
P0105-mp2-popt-dd-180 15 180.000000854 -573.515295219
P -0.4225744697 -0.0792253658 4.713e-06 15.0
O -1.4940597704 -1.1059111466 -0.000130702 8.0
C -0.4438947025 1.0310356094 1.4261185652 6.0
C -0.4439448073 1.0314581406 -1.4257978278 6.0
C 1.2379097627 -0.7956226956 -0.0001538847 6.0
H -1.3920192425 1.5663445235 1.4410607364 1.0
H 0.3767491479 1.745155953 1.3887819864 1.0
H -0.3616407377 0.4359137371 2.3331230992 1.0
H -0.3616792163 0.4365572129 -2.3329473468 1.0
H 0.3766980867 1.7455675812 -1.3882602257 1.0
H -1.392086295 1.5667364588 -1.4405823658 1.0
C 2.3764350157 -0.09420274 -7.21719e-05 6.0
H 2.3801111029 0.9887051617 0.0001023895 1.0
H 1.2671518729 -1.8790932094 -0.0003152504 1.0
H 3.3415859614 -0.5821859312 -0.0001608823 1.0
